x,yOn,mOn,yOff,mOff\n0.00,NaN,NaN,-9.931077580e-01,1.435631756e-01
0.03,-9.280078396e-01,1.294439625e-01,-9.759494280e-01,9.421270355e-02
0.05,-1.042650389e+00,3.423107234e-01,-8.753474694e-01,1.603008031e-01
0.10,-1.087995932e+00,2.262614507e-01,-9.332835447e-01,1.004643569e-01
0.15,-1.086786272e+00,2.241238814e-01,-1.084434668e+00,2.458862117e-01
0.20,-1.201549432e+00,1.517166758e-01,-1.238940889e+00,1.897540504e-01
0.25,-1.287401802e+00,0.000000000e+00,-1.171800335e+00,1.209465594e-01
0.30,-1.581088452e+00,1.597070395e-01,-1.400687978e+00,1.365363383e-01
0.35,-1.536662334e+00,2.016414199e-01,-1.513415433e+00,1.753951750e-01
0.40,-1.421542110e+00,0.000000000e+00,-1.322077994e+00,2.219631937e-01
0.45,-1.548029606e+00,0.000000000e+00,-1.499100083e+00,2.172003193e-01
0.50,-1.529971520e+00,3.751054792e-01,-1.549542193e+00,1.765111223e-01
