x,y1,y2,m1,m2\n\n0.000,-9.931077580e-01,NaN
0.144,NaN,2.500000000e-02
-0.961,NaN,7.468191115e-02
NaN,5.000000000e-02,-9.231483035e-01
NaN,1.437136046e-01,NaN
0.100,-9.820442228e-01,-1.047665606e+00
0.135,0.000000000e+00,1.500000000e-01
-1.090,-1.047935501e+00,2.150474492e-01
0.000,2.000000000e-01,-1.230631677e+00
NaN,1.455826272e-01,NaN
0.250,-1.188314831e+00,NaN
0.105,NaN,3.000000000e-01
-1.450,NaN,1.101507904e-01
NaN,3.500000000e-01,-1.519227159e+00
NaN,1.314680225e-01,NaN
0.400,-1.334511008e+00,NaN
0.192,NaN,4.500000000e-01
-1.505,NaN,1.873285870e-01
NaN,5.000000000e-01,-1.544649524e+00
NaN,1.494424531e-01,NaN
