x,y1,y2,y3,y4,m1,m2,m3,m4\n\n0.000,6.431117448e-02,0.000000000e+00,0.000000000e+00,0.000000000e+00
0.028,0.000000000e+00,0.000000000e+00,0.000000000e+00,2.500000000e-02
0.759,7.772756959e-01,NaN,NaN,7.992659231e-02
0.129,NaN,NaN,5.000000000e-02,6.279078507e-01
0.840,NaN,NaN,1.417427925e-01,5.202735040e-02
NaN,NaN,1.000000000e-01,7.161703578e-01,7.551983431e-01
NaN,NaN,1.505705048e-01,2.237479375e-01,NaN
NaN,1.500000000e-01,6.890575598e-01,7.549534528e-01,NaN
NaN,8.493667638e-02,2.242449816e-01,NaN,NaN
0.200,6.593109715e-01,6.698264041e-01,NaN,NaN
0.098,2.188653503e-01,NaN,NaN,2.500000000e-01
0.548,7.776621775e-01,NaN,NaN,1.223269538e-01
0.000,NaN,NaN,3.000000000e-01,7.083482705e-01
0.794,NaN,NaN,1.058002127e-01,1.379795649e-01
NaN,NaN,3.500000000e-01,7.452270887e-01,7.400505792e-01
NaN,NaN,8.560050374e-02,1.753306268e-01,NaN
NaN,4.000000000e-01,6.127180336e-01,6.531406543e-01,NaN
NaN,1.268218015e-01,0.000000000e+00,NaN,NaN
0.450,7.476094577e-01,7.828925129e-01,NaN,NaN
0.085,0.000000000e+00,NaN,NaN,5.000000000e-01
0.772,7.418571380e-01,NaN,NaN,6.397752871e-02
0.064,NaN,NaN,