x,y1,y2,m1,m2\n\n0.000,2.711319438e-02,0.000000000e+00
0.011,0.000000000e+00,2.500000000e-02
0.765,NaN,6.180134292e-02
NaN,5.000000000e-02,6.885862590e-01
NaN,1.016923766e-01,NaN
0.100,7.275891585e-01,7.485511256e-01
0.121,0.000000000e+00,1.500000000e-01
0.698,7.485856097e-01,7.689236451e-02
0.000,2.000000000e-01,6.616477343e-01
NaN,7.447783219e-02,NaN
0.250,5.812124159e-01,NaN
0.108,NaN,3.000000000e-01
0.732,NaN,7.687022115e-02
NaN,3.500000000e-01,7.439329613e-01
NaN,6.286115270e-02,NaN
0.400,6.177708612e-01,NaN
0.102,NaN,4.500000000e-01
0.752,NaN,6.787101532e-02
NaN,5.000000000e-01,7.643589336e-01
NaN,4.545020021e-02,NaN
