x,yOn,mOn,yOff,mOff\n0.00,0.000000000e+00,0.000000000e+00,2.711319438e-02,1.124816448e-02
0.03,NaN,NaN,7.645573611e-01,6.180134292e-02
0.05,NaN,NaN,6.885862590e-01,1.016923766e-01
0.10,7.485511256e-01,0.000000000e+00,7.275891585e-01,1.214628462e-01
0.15,7.485856097e-01,0.000000000e+00,6.980905268e-01,7.689236451e-02
0.20,NaN,NaN,6.616477343e-01,7.447783219e-02
0.25,NaN,NaN,5.812124159e-01,1.084678715e-01
0.30,NaN,NaN,7.317445517e-01,7.687022115e-02
0.35,NaN,NaN,7.439329613e-01,6.286115270e-02
0.40,NaN,NaN,6.177708612e-01,1.015584276e-01
0.45,NaN,NaN,7.520198396e-01,6.787101532e-02
0.50,NaN,NaN,7.643589336e-01,4.545020021e-02
