x,y1,y2,m1,m2\n\n0.000,2.897536433e-02,0.000000000e+00
0.012,0.000000000e+00,2.500000000e-02
0.765,7.645573611e-01,8.999567022e-02
0.090,5.000000000e-02,6.885862590e-01
0.689,1.529466614e-01,1.529466614e-01
0.100,7.317815519e-01,7.317815519e-01
0.162,1.617011312e-01,1.500000000e-01
0.704,7.037010916e-01,1.066082316e-01
0.107,2.000000000e-01,6.616477343e-01
0.662,1.165690633e-01,1.165690633e-01
0.250,5.812124159e-01,5.812124159e-01
0.176,1.758483845e-01,3.000000000e-01
0.732,7.317445517e-01,1.178330221e-01
0.118,3.500000000e-01,7.439329613e-01
0.744,9.987553465e-02,9.987553465e-02
0.400,6.177708612e-01,6.177708612e-01
0.161,1.613588331e-01,4.500000000e-01
0.752,7.520198396e-01,1.078353427e-01
0.108,5.000000000e-01,7.643589336e-01
0.764,6.914812830e-02,6.914812830e-02
