x,yOn,mOn,yOff,mOff
0.00,NaN,NaN,-9.931077580e-01,1.435631756e-01
0.03,-9.605396317e-01,1.077520526e-01,-9.605396317e-01,1.087524693e-01
0.05,-9.231483035e-01,2.139799506e-01,-9.231483035e-01,2.161471367e-01
0.10,-9.951684995e-01,1.800632689e-01,-9.951684995e-01,1.825862725e-01
0.15,-1.084957247e+00,2.925423484e-01,-1.084957247e+00,2.958118700e-01
0.20,-1.230631677e+00,2.253403571e-01,-1.230631677e+00,2.278588136e-01
0.25,-1.188314831e+00,1.679847898e-01,-1.188314831e+00,1.700185982e-01
0.30,-1.449888107e+00,1.670727013e-01,-1.449888107e+00,1.688482267e-01
0.35,-1.519227159e+00,2.064903229e-01,-1.519227159e+00,2.088800232e-01
0.40,-1.334511008e+00,3.018849409e-01,-1.334511008e+00,3.053786375e-01
0.45,-1.505216274e+00,2.942277497e-01,-1.505216274e+00,2.976328301e-01
0.50,-1.544649524e+00,2.250155464e-01,-1.544649524e+00,2.273623851e-01