x,y1,y2,m1,m2\n\n0.000,-9.931077580e-01,NaN
0.144,NaN,2.500000000e-02
-0.961,-9.605396317e-01,1.087524693e-01
0.108,5.000000000e-02,-9.231483035e-01
-0.923,2.161471367e-01,2.139799506e-01
0.100,-9.951684995e-01,-9.951684995e-01
0.183,1.800632689e-01,1.500000000e-01
-1.085,-1.084957247e+00,2.958118700e-01
0.293,2.000000000e-01,-1.230631677e+00
-1.231,2.278588136e-01,2.253403571e-01
0.250,-1.188314831e+00,-1.188314831e+00
0.170,1.679847898e-01,3.000000000e-01
-1.450,-1.449888107e+00,1.688482267e-01
0.167,3.500000000e-01,-1.519227159e+00
-1.519,2.088800232e-01,2.064903229e-01
0.400,-1.334511008e+00,-1.334511008e+00
0.305,3.018849409e-01,4.500000000e-01
-1.505,-1.505216274e+00,2.976328301e-01
0.294,5.000000000e-01,-1.544649524e+00
-1.545,2.273623851e-01,2.250155464e-01
