x,yOn,mOn,yOff,mOff\n0.00,0.000000000e+00,0.000000000e+00,6.431117448e-02,2.609380253e-02
0.03,7.772756959e-01,1.200439184e-01,7.585328867e-01,7.470100003e-02
0.05,8.402822796e-01,4.766558281e-02,6.279078507e-01,1.319130677e-01
0.10,7.551983431e-01,1.979230036e-01,7.161703578e-01,1.365270289e-01
0.15,7.549534528e-01,1.983626790e-01,6.890575598e-01,7.872093602e-02
0.20,6.698264041e-01,1.936039635e-01,6.593109715e-01,9.087310191e-02
0.25,7.776621775e-01,0.000000000e+00,5.484707890e-01,1.131019322e-01
0.30,7.941346349e-01,1.251104263e-01,7.083482705e-01,9.822960398e-02
0.35,7.400505792e-01,1.550940075e-01,7.452270887e-01,7.914512767e-02
0.40,6.531406543e-01,0.000000000e+00,6.127180336e-01,1.175408710e-01
0.45,7.828925129e-01,0.000000000e+00,7.476094577e-01,7.837580666e-02
0.50,7.418571380e-01,5.782555467e-02,7.718595321e-01,5.947862800e-02
