x,yOn,mOn,yOff,mOff\n0.00,NaN,NaN,-9.931077580e-01,1.435631756e-01
0.03,NaN,NaN,-9.605396317e-01,7.468191115e-02
0.05,NaN,NaN,-9.231483035e-01,1.437136046e-01
0.10,-1.047665606e+00,0.000000000e+00,-9.820442228e-01,1.346173314e-01
0.15,-1.047935501e+00,0.000000000e+00,-1.089584965e+00,2.150474492e-01
0.20,NaN,NaN,-1.230631677e+00,1.455826272e-01
0.25,NaN,NaN,-1.188314831e+00,1.048719072e-01
0.30,NaN,NaN,-1.449888107e+00,1.101507904e-01
0.35,NaN,NaN,-1.519227159e+00,1.314680225e-01
0.40,NaN,NaN,-1.334511008e+00,1.922037588e-01
0.45,NaN,NaN,-1.505216274e+00,1.873285870e-01
0.50,NaN,NaN,-1.544649524e+00,1.494424531e-01
