x,yOn,mOn,yOff,mOff
0.00,0.000000000e+00,0.000000000e+00,2.897536433e-02,1.200768784e-02
0.03,7.645573611e-01,8.999567022e-02,7.645573611e-01,8.999567022e-02
0.05,6.885862590e-01,1.529466614e-01,6.885862590e-01,1.529466614e-01
0.10,7.317815519e-01,1.617011312e-01,7.317815519e-01,1.617011312e-01
0.15,7.037010916e-01,1.066082316e-01,7.037010916e-01,1.066082316e-01
0.20,6.616477343e-01,1.165690633e-01,6.616477343e-01,1.165690633e-01
0.25,5.812124159e-01,1.758483845e-01,5.812124159e-01,1.758483845e-01
0.30,7.317445517e-01,1.178330221e-01,7.317445517e-01,1.178330221e-01
0.35,7.439329613e-01,9.987553465e-02,7.439329613e-01,9.987553465e-02
0.40,6.177708612e-01,1.613588331e-01,6.177708612e-01,1.613588331e-01
0.45,7.520198396e-01,1.078353427e-01,7.520198396e-01,1.078353427e-01
0.50,7.643589336e-01,6.914812830e-02,7.643589336e-01,6.914812830e-02