x,yOn,mOn,yOff,mOff\n0.00,NaN,NaN,1.427204808e+01,3.404943095e+00
0.03,1.328479667e+01,1.612694143e+00,1.313440281e+01,1.627803868e+00
0.05,1.232542345e+01,1.532107580e+00,1.260327202e+01,1.596906351e+00
0.10,9.689836988e+00,9.922842258e-01,1.009352160e+01,1.192213523e+00
0.15,8.314547719e+00,7.859692347e-01,8.892622025e+00,1.025300019e+00
0.20,7.233854603e+00,6.723072918e-01,7.416238470e+00,7.323322654e-01
0.25,6.827288314e+00,6.948942676e-01,6.902264280e+00,7.272588100e-01
0.30,6.683823713e+00,1.222569581e+00,6.633585033e+00,1.019118845e+00
0.35,6.377583438e+00,1.194532963e+00,6.990313753e+00,1.487067097e+00
0.40,5.276654233e+00,6.314872175e-01,5.202644860e+00,6.886308821e-01
0.45,4.455896641e+00,5.300048747e-01,4.659047345e+00,5.691689481e-01
0.50,3.630616340e+00,4.359347083e-01,3.782390325e+00,4.803515699e-01
