x,yOn,mOn,yOff,mOff\n0.00,NaN,NaN,3.078306107e+00,3.441372045e-01
0.03,3.085304081e+00,1.211031776e-01,3.085304081e+00,1.221387916e-01
0.05,3.110494794e+00,1.230242393e-01,3.110494794e+00,1.240762812e-01
0.10,3.042151735e+00,1.297368449e-01,3.042151735e+00,1.308462897e-01
0.15,3.055598489e+00,1.315268333e-01,3.055598489e+00,1.326515851e-01
0.20,3.093904416e+00,1.343886189e-01,3.093904416e+00,1.355378433e-01
0.25,3.110107071e+00,1.375807184e-01,3.110107071e+00,1.387572401e-01
0.30,3.059479441e+00,1.434822021e-01,3.059479441e+00,1.447091902e-01
0.35,3.111538205e+00,1.442167442e-01,3.111538205e+00,1.454500138e-01
0.40,3.064045440e+00,1.493617527e-01,3.064045440e+00,1.506390198e-01
0.45,3.075832393e+00,1.517591592e-01,3.075832393e+00,1.530569278e-01
0.50,3.028849652e+00,1.580891282e-01,3.028849652e+00,1.594410275e-01
