x,y1,y2,m1,m2\n\n0.000,1.427204808e+01,NaN
3.405,NaN,2.500000000e-02
13.825,1.382459912e+01,1.178157238e+00
1.168,5.000000000e-02,1.319932066e+01
13.199,1.139374914e+00,1.129714162e+00
0.100,1.126461874e+01,1.126461874e+01
0.853,8.457030640e-01,1.500000000e-01
10.781,1.078086657e+01,9.101009843e-01
0.902,2.000000000e-01,1.013722728e+01
10.137,9.034745933e-01,8.958140387e-01
0.250,1.001290223e+01,1.001290223e+01
0.960,9.516429098e-01,3.000000000e-01
9.148,9.148371640e+00,9.644576634e-01
0.956,3.500000000e-01,8.789305904e+00
8.789,9.697902526e-01,9.615674080e-01
0.400,7.836535980e+00,7.836535980e+00
0.772,7.653970678e-01,4.500000000e-01
7.104,7.104152045e+00,6.775105537e-01
0.672,5.000000000e-01,6.423772794e+00
6.424,6.682297814e-01,6.625638659e-01
