x,yOn,mOn,yOff,mOff\n0.00,NaN,NaN,0.000000000e+00,0.000000000e+00
0.03,1.740185630e+01,8.014474035e+00,3.935317155e+01,1.843258338e+01
0.05,2.964762757e-02,1.106234242e-02,6.945384375e-02,2.869633865e-02
0.10,6.405348883e-02,2.077128309e-02,1.583197063e-01,5.335183393e-02
0.15,9.310147541e-02,2.366039925e-02,2.170302098e-01,6.097497336e-02
0.20,1.361598213e-01,2.893778425e-02,2.786998223e-01,6.317618988e-02
0.25,1.952757286e-01,8.060771665e-02,3.958193444e-01,1.422116755e-01
0.30,2.162198089e-01,5.852348411e-02,5.140120309e-01,1.616250341e-01
0.35,2.335049904e-01,7.200756274e-02,4.857487706e-01,1.174655432e-01
0.40,2.633406660e-01,6.837033376e-02,5.916399671e-01,1.321546179e-01
0.45,2.954521997e-01,8.397716268e-02,6.602597061e-01,1.466502635e-01
0.50,2.992495254e-01,8.329568071e-02,6.353368384e-01,1.305401504e-01
