x,y1,y2,m1,m2\n\n0.000,1.119374197e+01,NaN
3.431,NaN,2.500000000e-02
10.725,1.072510628e+01,1.182439405e+00
1.172,5.000000000e-02,1.006405050e+01
10.064,1.143367315e+00,1.133672711e+00
0.100,8.166873704e+00,8.166873704e+00
0.841,8.335651870e-01,1.500000000e-01
7.648,7.647735163e+00,9.020191420e-01
0.894,2.000000000e-01,6.939607952e+00
6.940,9.010366797e-01,8.933967962e-01
0.250,6.755021394e+00,6.755021394e+00
0.960,9.521673013e-01,3.000000000e-01
5.906,5.906334239e+00,9.601917363e-01
0.952,3.500000000e-01,5.497954259e+00
5.498,9.679787080e-01,9.597712234e-01
0.400,4.558745357e+00,4.558745357e+00
0.766,7.594976038e-01,4.500000000e-01
3.789,3.789391675e+00,6.692473637e-01
0.664,5.000000000e-01,3.161276551e+00
3.161,6.589428234e-01,6.533556519e-01
