x,yOn,mOn,yOff,mOff\n0.00,NaN,NaN,0.000000000e+00,0.000000000e+00
0.03,1.418875696e+01,7.149581094e+00,1.418875696e+01,7.210720743e+00
0.05,2.477536783e-02,1.099020890e-02,2.477536783e-02,1.108419169e-02
0.10,5.559329877e-02,2.065686412e-02,5.559329877e-02,2.083351131e-02
0.15,7.753292131e-02,2.389920369e-02,7.753292131e-02,2.410357775e-02
0.20,1.037149109e-01,2.589489521e-02,1.037149109e-01,2.611633543e-02
0.25,1.477737683e-01,5.866604510e-02,1.477737683e-01,5.916772784e-02
0.30,1.825579599e-01,6.231933139e-02,1.825579599e-01,6.285225522e-02
0.35,1.798134402e-01,5.069627317e-02,1.798134402e-01,5.112980239e-02
0.40,2.137451829e-01,5.536854324e-02,2.137451829e-01,5.584202739e-02
0.45,2.389279764e-01,6.278184599e-02,2.389279764e-01,6.331872500e-02
0.50,2.336465910e-01,5.789166934e-02,2.336465910e-01,5.838673001e-02
