x,y1,y2,m1,m2\n\n0.000,0.000000000e+00,NaN
0.000,NaN,2.500000000e-02
14.189,1.418875696e+01,7.210720743e+00
7.150,5.000000000e-02,2.477536783e-02
0.025,1.108419169e-02,1.099020890e-02
0.100,5.559329877e-02,5.559329877e-02
0.021,2.065686412e-02,1.500000000e-01
0.078,7.753292131e-02,2.410357775e-02
0.024,2.000000000e-01,1.037149109e-01
0.104,2.611633543e-02,2.589489521e-02
0.250,1.477737683e-01,1.477737683e-01
0.059,5.866604510e-02,3.000000000e-01
0.183,1.825579599e-01,6.285225522e-02
0.062,3.500000000e-01,1.798134402e-01
0.180,5.112980239e-02,5.069627317e-02
0.400,2.137451829e-01,2.137451829e-01
0.056,5.536854324e-02,4.500000000e-01
0.239,2.389279764e-01,6.331872500e-02
0.063,5.000000000e-01,2.336465910e-01
0.234,5.838673001e-02,5.789166934e-02
