x,y1,y2,y3,y4,m1,m2,m3,m4\n\n0.000,1.427204808e+01,NaN,NaN,NaN
3.633,NaN,NaN,NaN,2.500000000e-02
13.134,1.328479667e+01,1.440815388e+01,1.447104312e+01,1.734761217e+00
1.720,1.809377262e+00,1.803502400e+00,5.000000000e-02,1.260327202e+01
12.325,1.389345500e+01,1.397513218e+01,1.701833531e+00,1.634326481e+00
1.745,1.750479176e+00,1.000000000e-01,1.009352160e+01,9.689836988e+00
12.637,1.263771354e+01,1.270549740e+00,1.058487281e+00,1.367847692e+00
1.361,1.500000000e-01,8.892622025e+00,8.314547719e+00,1.295776687e+01
12.959,1.092668929e+00,8.384074005e-01,1.631308015e+00,1.626611309e+00
0.200,7.416238470e+00,7.233854603e+00,1.296629080e+01,1.293252524e+01
0.780,7.171621788e-01,1.705338821e+00,1.699503935e+00,2.500000000e-01
6.902,6.827288314e+00,1.319022200e+01,1.313183434e+01,7.750444650e-01
0.741,1.827896004e+00,1.806710360e+00,3.000000000e-01,6.633585033e+00
6.684,1.166733513e+01,1.160874269e+01,1.086081611e+00,1.304136776e+00
1.621,1.592028210e+00,3.500000000e-01,6.990313753e+00,6.377583438e+00
10.856,1.093374922e+01,1.584777120e+00,1.274229617e+00,1.433226268e+00
1.435,4.000000000e-01,5.202644860e+00,5.276654233e+00,1.041431307e+01
10.453,7.338784298e-01,6.736186775e-01,1.416619687e+00,1.415015232e+00
0.450,4.659047345e+00,4.455896641e+00,9.653740996e+00,9.647923198e+00
0.607,5.653656525e-01,1.244178168e+00,1.243860144e+00,5.000000000e-01
3.782,3.630616340e+00,9.150228093e+00,9.131856419e+00,5.119138061e-01
0.465,1.254647262e+00,1.252457715e+00,