x,yOn,mOn,yOff,mOff\n0.00,NaN,NaN,3.078306107e+00,3.441372045e-01
0.03,3.055350669e+00,1.748845315e-01,2.971529641e+00,1.809141029e-01
0.05,3.077168614e+00,1.795611214e-01,2.975997423e+00,1.849042290e-01
0.10,2.952343273e+00,1.918820136e-01,2.816585605e+00,1.987278823e-01
0.15,2.969114656e+00,2.003381124e-01,2.783857683e+00,2.014668840e-01
0.20,3.007794388e+00,2.029179342e-01,2.682557559e+00,2.079050971e-01
0.25,2.805055755e+00,2.118949936e-01,2.580311269e+00,2.158290169e-01
0.30,2.616255749e+00,2.204227090e-01,2.309438875e+00,2.160739707e-01
0.35,2.716428534e+00,2.197164486e-01,2.333825951e+00,2.198946401e-01
0.40,2.550318792e+00,2.279462375e-01,2.086776819e+00,2.181311093e-01
0.45,2.450108180e+00,2.317551778e-01,2.005436882e+00,2.162137486e-01
0.50,2.174929397e+00,2.341649298e-01,1.748429417e+00,2.120480190e-01
