x,yOn,mOn,yOff,mOff
0.00,NaN,NaN,1.119374197e+01,3.431254017e+00
0.03,1.072510628e+01,1.172413510e+00,1.072510628e+01,1.182439405e+00
0.05,1.006405050e+01,1.133672711e+00,1.006405050e+01,1.143367315e+00
0.10,8.166873704e+00,8.335651870e-01,8.166873704e+00,8.406934205e-01
0.15,7.647735163e+00,8.943709281e-01,7.647735163e+00,9.020191420e-01
0.20,6.939607952e+00,8.933967962e-01,6.939607952e+00,9.010366797e-01
0.25,6.755021394e+00,9.521673013e-01,6.755021394e+00,9.603097609e-01
0.30,5.906334239e+00,9.520502775e-01,5.906334239e+00,9.601917363e-01
0.35,5.497954259e+00,9.597712234e-01,5.497954259e+00,9.679787080e-01
0.40,4.558745357e+00,7.594976038e-01,4.558745357e+00,7.659924483e-01
0.45,3.789391675e+00,6.635728201e-01,3.789391675e+00,6.692473637e-01
0.50,3.161276551e+00,6.533556519e-01,3.161276551e+00,6.589428234e-01