x,y1,y2,y3,y4,m1,m2,m3,m4\n\n0.000,0.000000000e+00,NaN,NaN,NaN
0.000,NaN,NaN,NaN,2.500000000e-02
39.353,1.740185630e+01,0.000000000e+00,0.000000000e+00,1.964372453e+01
8.549,0.000000000e+00,0.000000000e+00,5.000000000e-02,6.945384375e-02
0.030,0.000000000e+00,0.000000000e+00,3.058187557e-02,1.180039796e-02
0.000,0.000000000e+00,1.000000000e-01,1.583197063e-01,6.405348883e-02
0.000,0.000000000e+00,5.685739796e-02,2.215709813e-02,0.000000000e+00
0.000,1.500000000e-01,2.170302098e-01,9.310147541e-02,0.000000000e+00
0.000,6.498142745e-02,2.523896986e-02,0.000000000e+00,0.000000000e+00
0.200,2.786998223e-01,1.361598213e-01,0.000000000e+00,0.000000000e+00
0.067,3.086845057e-02,0.000000000e+00,0.000000000e+00,2.500000000e-01
0.396,1.952757286e-01,0.000000000e+00,0.000000000e+00,1.515559116e-01
0.086,0.000000000e+00,0.000000000e+00,3.000000000e-01,5.140120309e-01
0.216,0.000000000e+00,0.000000000e+00,1.722448548e-01,6.242804427e-02
0.000,0.000000000e+00,3.500000000e-01,4.857487706e-01,2.335049904e-01
0.000,0.000000000e+00,1.251837968e-01,7.681175143e-02,0.000000000e+00
0.000,4.000000000e-01,5.916399671e-01,2.633406660e-01,9.856616658e-08
0.000,1.408380397e-01,7.293185442e-02,1.606674705e-07,0.000000000e+00
0.450,6.602597061e-01,2.954521997e-01,0.000000000e+00,0.000000000e+00
0.156,8.957993717e-02,0.000000000e+00,0.000000000e+00,5.000000000e-01
0.635,2.992495254e-01,0.000000000e+00,0.000000000e+00,1.391174911e-01
0.089,0.000000000e+00,0.000000000e+00,