x,y1,y2,y3,y4,m1,m2,m3,m4\n\n0.000,1.119374197e+01,NaN,NaN,NaN
3.661,NaN,NaN,NaN,2.500000000e-02
10.124,1.021204414e+01,1.124951232e+01,1.131534867e+01,1.729937694e+00
1.720,1.824964991e+00,1.818423907e+00,5.000000000e-02,9.557820751e+00
9.219,1.069706334e+01,1.078271069e+01,1.702156086e+00,1.632543891e+00
1.758,1.763227488e+00,1.000000000e-01,7.118616294e+00,6.673440226e+00
9.446,9.429293287e+00,1.238267779e+00,1.017812111e+00,1.366101653e+00
1.360,1.500000000e-01,5.891734132e+00,5.252331587e+00,9.724122284e+00
9.723,1.065147661e+00,8.022406335e-01,1.633044957e+00,1.627582175e+00
0.200,4.454981089e+00,4.089900394e+00,9.622685344e+00,9.590864983e+00
0.734,6.894667793e-01,1.721190520e+00,1.716093312e+00,2.500000000e-01
3.926,3.826956830e+00,9.662664488e+00,9.604330591e+00,7.103555975e-01
0.700,1.862032258e+00,1.840783238e+00,3.000000000e-01,3.810134127e+00
3.851,8.010870161e+00,7.952984512e+00,1.043903177e+00,1.275985570e+00
1.650,1.621357896e+00,3.500000000e-01,4.170739032e+00,3.427649914e+00
7.146,7.247519373e+00,1.560215794e+00,1.252374827e+00,1.463808269e+00
1.467,4.000000000e-01,2.524228074e+00,2.462994775e+00,6.612601969e+00
6.635,6.732500503e-01,6.272408927e-01,1.450042450e+00,1.449490806e+00
0.450,1.993350757e+00,1.710336262e+00,5.730407031e+00,5.723472652e+00
0.529,5.045540440e-01,1.283143606e+00,1.282895180e+00,5.000000000e-01
1.399,1.156437418e+00,5.054469254e+00,5.035575462e+00,4.487897641e-01
0.397,1.296270584e+00,1.293980876e+00,