x,y1,y2,m1,m2\n\n0.000,7.027875236e+00,2.151622092e+01
0.854,6.046506068e+00,2.500000000e-02
6.873,2.077600140e+01,2.100429798e-01
1.469,5.000000000e-02,6.685200732e+00
19.713,2.098245440e-01,1.431014971e+00
0.100,6.212851835e+00,1.631638564e+01
0.228,1.048532204e+00,1.500000000e-01
6.108,1.545412644e+01,2.388277951e-01
1.158,2.000000000e-01,5.836540847e+00
14.438,2.316301792e-01,1.165749260e+00
0.250,5.595750582e+00,1.443005388e+01
0.226,1.248707997e+00,3.000000000e-01
5.245,1.305141873e+01,2.435758239e-01
1.273,3.500000000e-01,5.226286979e+00
12.352,2.475049238e-01,1.291815752e+00
0.400,4.955131966e+00,1.071793999e+01
0.255,1.013937809e+00,4.500000000e-01
4.682,9.526513946e+00,2.486512319e-01
0.887,5.000000000e-01,4.299694517e+00
8.548,2.392118084e-01,8.844192474e-01
