x,y1,y2,m1,m2\n\n0.000,3.078306107e+00,NaN
0.344,NaN,2.500000000e-02
3.085,3.085304081e+00,1.221387916e-01
0.121,5.000000000e-02,3.110494794e+00
3.110,1.240762812e-01,1.230242393e-01
0.100,3.042151735e+00,3.042151735e+00
0.131,1.297368449e-01,1.500000000e-01
3.056,3.055598489e+00,1.326515851e-01
0.132,2.000000000e-01,3.093904416e+00
3.094,1.355378433e-01,1.343886189e-01
0.250,3.110107071e+00,3.110107071e+00
0.139,1.375807184e-01,3.000000000e-01
3.059,3.059479441e+00,1.447091902e-01
0.143,3.500000000e-01,3.111538205e+00
3.112,1.454500138e-01,1.442167442e-01
0.400,3.064045440e+00,3.064045440e+00
0.151,1.493617527e-01,4.500000000e-01
3.076,3.075832393e+00,1.530569278e-01
0.152,5.000000000e-01,3.028849652e+00
3.029,1.594410275e-01,1.580891282e-01
