x,y1,y2,m1,m2
0.000,3.078306107e+00,NaN,3.441372045e-01,NaN
0.025,3.085304081e+00,3.085304081e+00,1.221387916e-01,1.211031776e-01
0.050,3.110494794e+00,3.110494794e+00,1.240762812e-01,1.230242393e-01
0.100,3.042151735e+00,3.042151735e+00,1.308462897e-01,1.297368449e-01
0.150,3.055598489e+00,3.055598489e+00,1.326515851e-01,1.315268333e-01
0.200,3.093904416e+00,3.093904416e+00,1.355378433e-01,1.343886189e-01
0.250,3.110107071e+00,3.110107071e+00,1.387572401e-01,1.375807184e-01
0.300,3.059479441e+00,3.059479441e+00,1.447091902e-01,1.434822021e-01
0.350,3.111538205e+00,3.111538205e+00,1.454500138e-01,1.442167442e-01
0.400,3.064045440e+00,3.064045440e+00,1.506390198e-01,1.493617527e-01
0.450,3.075832393e+00,3.075832393e+00,1.530569278e-01,1.517591592e-01
0.500,3.028849652e+00,3.028849652e+00,1.594410275e-01,1.580891282e-01