x,y1,y2,y3,y4,m1,m2,m3,m4\n0.000,NaN,NaN,NaN,NaN,NaN,NaN,NaN,NaN
0.025,1.271688232e+01,8.852414346e-02,0.000000000e+00,0.000000000e+00,1.342250539e+00,1.210221228e-01,0.000000000e+00,0.000000000e+00
0.050,1.184588948e+01,-3.392135461e-01,0.000000000e+00,0.000000000e+00,1.306260616e+00,3.770173195e-01,0.000000000e+00,0.000000000e+00
0.100,8.865017864e+00,-4.451760676e-01,0.000000000e+00,0.000000000e+00,9.370346600e-01,6.000666774e-01,0.000000000e+00,0.000000000e+00
0.150,8.129040909e+00,-6.394025452e-01,0.000000000e+00,0.000000000e+00,1.026962782e+00,6.235250337e-01,0.000000000e+00,0.000000000e+00
0.200,7.501324817e+00,-3.650806950e-01,0.000000000e+00,0.000000000e+00,1.019091725e+00,2.960747517e-01,0.000000000e+00,0.000000000e+00
0.250,7.852228014e+00,-9.917683661e-02,0.000000000e+00,0.000000000e+00,1.077389220e+00,2.967396900e-01,0.000000000e+00,0.000000000e+00
0.300,6.714536864e+00,4.121402801e-02,0.000000000e+00,0.000000000e+00,1.107912460e+00,4.080240594e-01,0.000000000e+00,0.000000000e+00
0.350,6.021828576e+00,-7.430891180e-01,0.000000000e+00,0.000000000e+00,1.145867930e+00,7.845917052e-01,0.000000000e+00,0.000000000e+00
0.400,4.644196854e+00,-6.123329842e-02,0.000000000e+00,0.000000000e+00,8.779644985e-01,3.294047925e-01,0.000000000e+00,0.000000000e+00
0.450,3.635997671e+00,-2.830144946e-01,0.000000000e+00,0.000000000e+00,7.580143916e-01,2.842769040e-01,0.000000000e+00,0.000000000e+00
0.500,3.216568475e+00,-2.421866517e-01,0.000000000e+00,0.000000000e+00,7.439499947e-01,2.365049934e-01,0.000000000e+00,0.000000000e+00
