x,y1,y2,m1,m2
0.000,1.427204808e+01,NaN,3.404943095e+00,NaN
0.025,1.382459912e+01,1.382459912e+01,1.178157238e+00,1.168167651e+00
0.050,1.319932066e+01,1.319932066e+01,1.139374914e+00,1.129714162e+00
0.100,1.126461874e+01,1.126461874e+01,8.529350945e-01,8.457030640e-01
0.150,1.078086657e+01,1.078086657e+01,9.101009843e-01,9.023842446e-01
0.200,1.013722728e+01,1.013722728e+01,9.034745933e-01,8.958140387e-01
0.250,1.001290223e+01,1.001290223e+01,9.597808851e-01,9.516429098e-01
0.300,9.148371640e+00,9.148371640e+00,9.644576634e-01,9.562800338e-01
0.350,8.789305904e+00,8.789305904e+00,9.697902526e-01,9.615674080e-01
0.400,7.836535980e+00,7.836535980e+00,7.719423616e-01,7.653970678e-01
0.450,7.104152045e+00,7.104152045e+00,6.775105537e-01,6.717659465e-01
0.500,6.423772794e+00,6.423772794e+00,6.682297814e-01,6.625638659e-01