x,y1,y2,m1,m2\n\n0.000,2.463478343e+00,3.693133870e+00
0.433,4.748879267e-01,2.500000000e-02
2.498,3.672241476e+00,1.086631005e-01
0.118,5.000000000e-02,2.529253008e+00
3.692,1.119198392e-01,1.193607640e-01
0.100,2.452248631e+00,3.632054838e+00
0.118,1.270732038e-01,1.500000000e-01
2.488,3.623116012e+00,1.200455725e-01
0.130,2.000000000e-01,2.600664328e+00
3.587,1.265481581e-01,1.335440308e-01
0.250,2.712865448e+00,3.507348694e+00
0.132,1.387198758e-01,3.000000000e-01
2.633,3.486191664e+00,1.387366997e-01
0.143,3.500000000e-01,2.675349428e+00
3.548,1.402054163e-01,1.427996227e-01
0.400,2.649362974e+00,3.478727905e+00
0.146,1.482329111e-01,4.500000000e-01
2.638,3.514092783e+00,1.504724182e-01
0.148,5.000000000e-01,2.672573979e+00
3.385,1.576016010e-01,1.565102028e-01
