x,y1,y2,y3,y4,m1,m2,m3,m4\n0.000,NaN,NaN,NaN,NaN,NaN,NaN,NaN,NaN
0.025,1.390280455e+01,1.503938565e-01,0.000000000e+00,0.000000000e+00,1.323907125e+00,1.390256755e-01,0.000000000e+00,0.000000000e+00
0.050,1.302823986e+01,-2.778485720e-01,0.000000000e+00,0.000000000e+00,1.291046032e+00,3.719584049e-01,0.000000000e+00,0.000000000e+00
0.100,1.010353381e+01,-4.036846170e-01,0.000000000e+00,0.000000000e+00,9.300695400e-01,5.908238142e-01,0.000000000e+00,0.000000000e+00
0.150,9.346519740e+00,-5.780743064e-01,0.000000000e+00,0.000000000e+00,1.018639816e+00,6.049353763e-01,0.000000000e+00,0.000000000e+00
0.200,8.601372863e+00,-1.823838676e-01,0.000000000e+00,0.000000000e+00,1.015114964e+00,3.027064590e-01,0.000000000e+00,0.000000000e+00
0.250,8.834303303e+00,-7.497596646e-02,0.000000000e+00,0.000000000e+00,1.073545510e+00,3.414628053e-01,0.000000000e+00,0.000000000e+00
0.300,7.806094190e+00,5.023867991e-02,0.000000000e+00,0.000000000e+00,1.095899175e+00,4.484711691e-01,0.000000000e+00,0.000000000e+00
0.350,7.126037850e+00,-6.127303153e-01,0.000000000e+00,0.000000000e+00,1.138383494e+00,8.070436814e-01,0.000000000e+00,0.000000000e+00
0.400,5.762808028e+00,7.400937303e-02,0.000000000e+00,0.000000000e+00,8.791722151e-01,3.798787263e-01,0.000000000e+00,0.000000000e+00
0.450,4.844723803e+00,-2.031507037e-01,0.000000000e+00,0.000000000e+00,7.583854598e-01,3.461781806e-01,0.000000000e+00,0.000000000e+00
0.500,4.248156555e+00,-1.517739846e-01,0.000000000e+00,0.000000000e+00,7.451517421e-01,2.968729789e-01,0.000000000e+00,0.000000000e+00
