x,y1,y2,m1,m2\n\n0.000,0.000000000e+00,0.000000000e+00
0.000,0.000000000e+00,2.500000000e-02
8.165,2.021248015e+01,2.196892763e+00
9.936,5.000000000e-02,1.484196689e-02
0.035,3.077208160e-03,1.533219570e-02
0.100,2.623843159e-02,8.494816596e-02
0.004,2.897269888e-02,1.500000000e-01
0.036,1.187548140e-01,5.421688876e-03
0.033,2.000000000e-01,4.693097598e-02
0.160,6.553229023e-03,3.581681379e-02
0.250,5.397774639e-02,2.415697901e-01
0.008,8.267789989e-02,3.000000000e-01
0.063,3.016244003e-01,8.648858110e-03
0.088,3.500000000e-01,6.389758022e-02
0.296,8.306464079e-03,7.070899276e-02
0.400,6.912206149e-02,3.583683044e-01
0.009,7.689611614e-02,4.500000000e-01
0.073,4.050306524e-01,9.445730941e-03
0.087,5.000000000e-01,7.412822423e-02
0.393,9.984365642e-03,8.009862040e-02
