x,y1,y2,y3,y4,m1,m2,m3,m4
0.000,1.229655527e+00,NaN,NaN,NaN,3.247965467e-01,NaN,NaN,NaN
0.025,1.173874791e+00,8.382102832e-02,0.000000000e+00,0.000000000e+00,8.101664055e-02,5.762632816e-02,0.000000000e+00,0.000000000e+00
0.050,1.162483571e+00,1.011711902e-01,0.000000000e+00,0.000000000e+00,8.200391885e-02,7.640103231e-02,0.000000000e+00,0.000000000e+00
0.100,1.179806207e+00,1.357576680e-01,0.000000000e+00,0.000000000e+00,8.551547732e-02,8.440081847e-02,0.000000000e+00,0.000000000e+00
0.150,1.135035046e+00,1.852569733e-01,0.000000000e+00,0.000000000e+00,9.145005603e-02,9.807576170e-02,0.000000000e+00,0.000000000e+00
0.200,9.864801761e-01,3.252368284e-01,0.000000000e+00,0.000000000e+00,8.938668027e-02,1.134573528e-01,0.000000000e+00,0.000000000e+00
0.250,7.944832457e-01,2.247444860e-01,0.000000000e+00,0.000000000e+00,9.169457689e-02,1.270807715e-01,0.000000000e+00,0.000000000e+00
0.300,8.534244451e-01,3.068168739e-01,0.000000000e+00,0.000000000e+00,9.416361622e-02,1.232536036e-01,0.000000000e+00,0.000000000e+00
0.350,8.723775535e-01,3.826025828e-01,0.000000000e+00,0.000000000e+00,1.061736801e-01,1.488313743e-01,0.000000000e+00,0.000000000e+00
0.400,8.293649312e-01,4.635419726e-01,0.000000000e+00,0.000000000e+00,1.015961244e-01,1.450791767e-01,0.000000000e+00,0.000000000e+00
0.450,8.765207802e-01,4.446712973e-01,0.000000000e+00,0.000000000e+00,9.908461058e-02,1.506022462e-01,0.000000000e+00,0.000000000e+00
0.500,7.125513473e-01,4.264999802e-01,0.000000000e+00,0.000000000e+00,9.346995433e-02,1.469614172e-01,0.000000000e+00,0.000000000e+00