x,y1,y2,m1,m2\n\n0.000,4.564396893e+00,1.782308705e+01
0.715,6.264418832e+00,2.500000000e-02
4.367,1.708354744e+01,1.748628459e-01
1.512,5.000000000e-02,4.141105757e+00
15.987,1.778863691e-01,1.471676570e+00
0.100,3.734364772e+00,1.259938264e+01
0.188,1.069822422e+00,1.500000000e-01
3.583,1.171225562e+01,1.997001788e-01
1.179,2.000000000e-01,3.188945544e+00
10.690,2.035449534e-01,1.189557542e+00
0.250,2.828907387e+00,1.068113540e+01
0.203,1.272825166e+00,3.000000000e-01
2.549,9.263602671e+00,2.095719596e-01
1.291,3.500000000e-01,2.487039971e+00
8.509,2.125003433e-01,1.311877583e+00
0.400,2.236646930e+00,6.880843784e+00
0.210,1.032163989e+00,4.500000000e-01
1.971,5.607390511e+00,2.014506463e-01
0.903,5.000000000e-01,1.552992314e+00
4.770,1.862268034e-01,8.960901181e-01
