x,y1,y2,m1,m2\n\n0.000,1.844283346e+09,2.065885033e+06
5406482149.181,1.606914734e+06,2.500000000e-02
2067850843.853,2.182173062e+06,1.478010159e+09
483674.634,5.000000000e-02,1.933066200e+09
2387766.462,1.378998894e+09,4.914374686e+05
0.100,2.622507381e+06,2.353195574e+06
531956.439,4.785891200e+05,1.500000000e-01
3288758.858,1.327083110e+07,5.991045405e+05
8216760.600,2.000000000e-01,2.773059881e+06
15369632.346,4.089360565e+05,8.892840000e+06
0.250,Inf,1.361742422e+07
NaN,8.305079354e+06,3.000000000e-01
Inf,1.344545380e+07,NaN
8230116.702,3.500000000e-01,Inf
13752226.557,NaN,8.198719093e+06
0.400,Inf,1.423857292e+07
NaN,8.360134022e+06,4.500000000e-01
Inf,1.455173251e+07,NaN
8330820.940,5.000000000e-01,Inf
14665616.253,NaN,8.322103773e+06
