x,y1,y2,m1,m2\n\n0.000,9.231746154e+08,NaN
2671361011.053,NaN,2.500000000e-02
1035016508.458,1.035016508e+09,1.047735606e+09
1026390955.588,5.000000000e-02,9.677269832e+08
967726983.153,9.775568624e+08,9.576419054e+08
0.100,2.487851477e+06,2.487851477e+06
490690.512,4.806940805e+05,1.500000000e-01
8279794.977,8.279794977e+06,5.435707913e+06
5324970.733,2.000000000e-01,9.071346113e+06
9071346.113,5.876788743e+06,5.757065789e+06
0.250,Inf,Inf
NaN,NaN,3.000000000e-01
Inf,Inf,NaN
NaN,3.500000000e-01,Inf
Inf,NaN,NaN
0.400,Inf,Inf
NaN,NaN,4.500000000e-01
Inf,Inf,NaN
NaN,5.000000000e-01,Inf
Inf,NaN,NaN
