x,y1,y2,y3,y4,m1,m2,m3,m4
0.000,-1.842217461e+09,NaN,NaN,NaN,4.962257402e+09,NaN,NaN,NaN
0.025,-2.065668671e+09,-1.397323663e+08,0.000000000e+00,0.000000000e+00,1.360661827e+09,1.983195923e+08,0.000000000e+00,0.000000000e+00
0.050,-1.930678433e+09,-3.495419868e+07,0.000000000e+00,0.000000000e+00,1.269514042e+09,4.942479507e+07,0.000000000e+00,0.000000000e+00
0.100,-2.693118068e+05,-8.825251676e+05,0.000000000e+00,0.000000000e+00,6.007875646e+05,5.573702902e+05,0.000000000e+00,0.000000000e+00
0.150,9.982072238e+06,-2.837747835e+04,0.000000000e+00,0.000000000e+00,7.066402440e+06,1.180783115e+06,0.000000000e+00,0.000000000e+00
0.200,1.259657247e+07,-3.483466649e+06,0.000000000e+00,0.000000000e+00,7.628631128e+06,5.743684200e+06,0.000000000e+00,0.000000000e+00
0.250,-Inf,1.613439588e+05,0.000000000e+00,0.000000000e+00,NaN,1.371454821e+06,0.000000000e+00,0.000000000e+00
0.300,-Inf,4.402822987e+04,0.000000000e+00,0.000000000e+00,NaN,1.043177851e+06,0.000000000e+00,0.000000000e+00
0.350,-Inf,1.502695305e+05,0.000000000e+00,0.000000000e+00,NaN,1.164928227e+06,0.000000000e+00,0.000000000e+00
0.400,-Inf,-8.248139181e+05,0.000000000e+00,0.000000000e+00,NaN,1.206276976e+06,0.000000000e+00,0.000000000e+00
0.450,-Inf,-8.618935567e+05,0.000000000e+00,0.000000000e+00,NaN,1.115828306e+06,0.000000000e+00,0.000000000e+00
0.500,-Inf,6.793362117e+05,0.000000000e+00,0.000000000e+00,NaN,1.226864319e+06,0.000000000e+00,0.000000000e+00