x,yOn,mOn,yOff,mOff\n0.00,NaN,NaN,9.231746154e+08,2.671361011e+09
0.03,1.035016508e+09,1.026390956e+09,1.035016508e+09,1.047735606e+09
0.05,9.677269832e+08,9.576419054e+08,9.677269832e+08,9.775568624e+08
0.10,2.487851477e+06,4.806940805e+05,2.487851477e+06,4.906905123e+05
0.15,8.279794977e+06,5.324970733e+06,8.279794977e+06,5.435707913e+06
0.20,9.071346113e+06,5.757065789e+06,9.071346113e+06,5.876788743e+06
0.25,Inf,NaN,Inf,NaN
0.30,Inf,NaN,Inf,NaN
0.35,Inf,NaN,Inf,NaN
0.40,Inf,NaN,Inf,NaN
0.45,Inf,NaN,Inf,NaN
0.50,Inf,NaN,Inf,NaN
