x,yOn,mOn,yOff,mOff\n0.00,NaN,NaN,9.231746154e+08,2.874393691e+09
0.03,9.275515817e+08,1.414409301e+09,1.067283948e+09,1.641763820e+09
0.05,9.398791106e+08,1.432141101e+09,9.748333093e+08,1.498054800e+09
0.10,2.830383831e+06,7.779596577e+05,3.712908998e+06,9.731652672e+05
0.15,9.623971496e+06,8.455020055e+06,9.652348975e+06,8.429003442e+06
0.20,9.410939951e+06,8.364626739e+06,1.289440660e+07,1.060656082e+07
0.25,9.418209088e+06,8.659001034e+06,9.256865130e+06,8.434128191e+06
0.30,9.345707354e+06,8.401206957e+06,9.301679124e+06,8.434848388e+06
0.35,9.716376672e+06,8.364150835e+06,9.566107142e+06,8.430903590e+06
0.40,9.382298983e+06,8.569663998e+06,1.020711290e+07,8.508650045e+06
0.45,9.785731440e+06,8.406377282e+06,1.064762500e+07,8.779752644e+06
0.50,1.034555614e+07,8.836980740e+06,9.666219931e+06,8.445600886e+06
