x,y1,y2,y3,y4,m1,m2,m3,m4\n\n0.000,9.231746154e+08,NaN,NaN,NaN
3067002651.918,NaN,NaN,NaN,2.500000000e-02
1067283948.032,9.275515817e+08,1.072156999e+09,1.073073505e+09,1.749638429e+09
1508775627.715,1.620264880e+09,1.621667998e+09,5.000000000e-02,9.748333093e+08
939879110.577,9.981964664e+08,9.579990464e+08,1.596486787e+09,1.527690455e+09
1508228611.031,1.447404142e+09,1.000000000e-01,3.712908998e+06,2.830383831e+06
1705253.515,1.702859566e+06,1.037108583e+06,8.298634419e+05,5.538590244e+05
553723.851,1.500000000e-01,9.652348975e+06,9.623971496e+06,7.044595697e+06
6798263.740,8.982844035e+06,9.019120689e+06,8.101958017e+06,7.737033989e+06
0.200,1.289440660e+07,9.410939951e+06,6.982683085e+06,6.997354817e+06
11303481.163,8.922696526e+06,8.109058041e+06,8.105524375e+06,2.500000000e-01
9256865.130,9.418209088e+06,Inf,Inf,8.988305513e+06
9236710.837,NaN,NaN,3.000000000e-01,9.301679124e+06
9345707.354,Inf,Inf,8.989073032e+06,8.961717298e+06
NaN,NaN,3.500000000e-01,9.566107142e+06,9.716376672e+06
Inf,Inf,8.984869035e+06,8.922188871e+06,NaN
NaN,4.000000000e-01,1.020711290e+07,9.382298983e+06,Inf
Inf,9.067723939e+06,9.141413427e+06,NaN,NaN
0.450,1.064762500e+07,9.785731440e+06,Inf,Inf
9356639.751,8.967232576e+06,NaN,NaN,5.000000000e-01
9666219.931,1.034555614e+07,Inf,Inf,9.000532039e+06
9426564.964,NaN,NaN,