x,yOn,mOn,yOff,mOff\n0.00,NaN,NaN,5.044121959e+08,1.452720348e+09
0.03,4.190400999e+08,4.152935253e+08,4.190400999e+08,4.239298984e+08
0.05,5.258619435e+08,5.180425808e+08,5.258619435e+08,5.288157056e+08
0.10,3.537205097e+06,2.486534920e+06,3.537205097e+06,2.538244474e+06
0.15,3.232840519e+06,2.090683411e+06,3.232840519e+06,2.134160906e+06
0.20,3.380854645e+06,2.151180728e+06,3.380854645e+06,2.195916314e+06
0.25,Inf,NaN,Inf,NaN
0.30,Inf,NaN,Inf,NaN
0.35,Inf,NaN,Inf,NaN
0.40,Inf,NaN,Inf,NaN
0.45,Inf,NaN,Inf,NaN
0.50,Inf,NaN,Inf,NaN
