x,y1,y2,m1,m2
0.000,5.044121959e+08,NaN,1.452720348e+09,NaN
0.025,4.190400999e+08,4.190400999e+08,4.239298984e+08,4.152935253e+08
0.050,5.258619435e+08,5.258619435e+08,5.288157056e+08,5.180425808e+08
0.100,3.537205097e+06,3.537205097e+06,2.538244474e+06,2.486534920e+06
0.150,3.232840519e+06,3.232840519e+06,2.134160906e+06,2.090683411e+06
0.200,3.380854645e+06,3.380854645e+06,2.195916314e+06,2.151180728e+06
0.250,Inf,Inf,NaN,NaN
0.300,Inf,Inf,NaN,NaN
0.350,Inf,Inf,NaN,NaN
0.400,Inf,Inf,NaN,NaN
0.450,Inf,Inf,NaN,NaN
0.500,Inf,Inf,NaN,NaN