x,y1,y2,y3,y4,m1,m2,m3,m4\n\n0.000,5.044121959e+08,NaN,NaN,NaN
1667875342.272,NaN,NaN,NaN,2.500000000e-02
387758035.364,5.061835244e+08,3.909017233e+08,3.913171164e+08,6.314043846e+08
819823237.166,5.866356352e+08,5.873266065e+08,5.000000000e-02,5.308056446e+08
513495520.688,5.369406055e+08,5.222060031e+08,8.657900328e+08,8.309665403e+08
807489276.435,7.855041285e+08,1.000000000e-01,3.881423860e+06,3.611295964e+06
3315034.606,3.341065958e+06,4.148054698e+06,4.032338609e+06,3.785089789e+06
3828693.850,1.500000000e-01,4.033704597e+06,3.915374865e+06,2.529896075e+06
2452386.538,4.062949174e+06,4.067255496e+06,2.547855373e+06,2.436144044e+06
0.200,4.164051286e+06,3.988130513e+06,2.683448650e+06,2.687788132e+06
4218046.455,4.034192818e+06,2.640772651e+06,2.643384042e+06,2.500000000e-01
4027291.022,3.989225850e+06,Inf,Inf,4.059688648e+06
4157390.119,NaN,NaN,3.000000000e-01,4.015974324e+06
4200736.236,Inf,Inf,4.066592474e+06,4.053831652e+06
NaN,NaN,3.500000000e-01,4.081055555e+06,4.307185332e+06
Inf,Inf,4.065494984e+06,4.033580400e+06,NaN
NaN,4.000000000e-01,4.231582116e+06,4.389039739e+06,Inf
Inf,4.090376591e+06,4.154277925e+06,NaN,NaN
0.450,4.387933279e+06,4.446290122e+06,Inf,Inf
4241907.734,4.068047204e+06,NaN,NaN,5.000000000e-01
4038993.225,4.645000261e+06,Inf,Inf,4.054803649e+06
4263371.462,NaN,NaN,