x,y1,y2,m1,m2\n\n0.000,1.002804779e+09,6.019612844e+06
2940151459.925,1.596423461e+07,2.500000000e-02
832091517.452,5.988682298e+06,5.980496220e+08
3840710.399,5.000000000e-02,1.045547829e+09
6176058.303,7.459875996e+08,3.923475133e+06
0.100,9.704889975e+05,6.103921196e+06
153893.018,3.843292627e+06,1.500000000e-01
1193896.234,5.271784804e+06,1.785804877e+05
3229661.373,2.000000000e-01,1.228528784e+06
5533180.506,1.358754352e+05,3.325360628e+06
0.250,Inf,5.535573171e+06
NaN,3.316223780e+06,3.000000000e-01
Inf,5.704641537e+06,NaN
3286418.619,3.500000000e-01,Inf
5803877.407,NaN,3.272158450e+06
0.400,Inf,5.979127941e+06
NaN,3.325110130e+06,4.500000000e-01
Inf,6.060236583e+06,NaN
3321389.354,5.000000000e-01,Inf
6116611.132,NaN,3.323965143e+06
