x,y1,y2,m1,m2\n\n0.000,5.044121959e+08,NaN
1452720348.271,NaN,2.500000000e-02
419040099.875,4.190400999e+08,4.239298984e+08
415293525.337,5.000000000e-02,5.258619435e+08
525861943.479,5.288157056e+08,5.180425808e+08
0.100,3.537205097e+06,3.537205097e+06
2538244.474,2.486534920e+06,1.500000000e-01
3232840.519,3.232840519e+06,2.134160906e+06
2090683.411,2.000000000e-01,3.380854645e+06
3380854.645,2.195916314e+06,2.151180728e+06
0.250,Inf,Inf
NaN,NaN,3.000000000e-01
Inf,Inf,NaN
NaN,3.500000000e-01,Inf
Inf,NaN,NaN
0.400,Inf,Inf
NaN,NaN,4.500000000e-01
Inf,Inf,NaN
NaN,5.000000000e-01,Inf
Inf,NaN,NaN
