x,y1,y2,y3,y4,m1,m2,m3,m4\n0.000,NaN,NaN,NaN,NaN,NaN,NaN,NaN,NaN
0.025,-8.261028352e+08,1.184254890e+08,0.000000000e+00,0.000000000e+00,5.375538408e+08,1.683212183e+08,0.000000000e+00,0.000000000e+00
0.050,-1.039371770e+09,-1.731012387e+07,0.000000000e+00,0.000000000e+00,6.705151880e+08,2.463607777e+07,0.000000000e+00,0.000000000e+00
0.100,5.133432199e+06,-2.701278952e+05,0.000000000e+00,0.000000000e+00,3.220184251e+06,2.196909619e+05,0.000000000e+00,0.000000000e+00
0.150,4.077888570e+06,-1.183297319e+05,0.000000000e+00,0.000000000e+00,2.709588178e+06,2.562485983e+05,0.000000000e+00,0.000000000e+00
0.200,4.304651722e+06,-1.759207726e+05,0.000000000e+00,0.000000000e+00,2.787536993e+06,4.731625441e+05,0.000000000e+00,0.000000000e+00
0.250,-Inf,-3.806517156e+04,NaN,NaN,NaN,2.626390696e+05,NaN,NaN
0.300,-Inf,1.847619122e+05,NaN,NaN,NaN,2.308611045e+05,NaN,NaN
0.350,-Inf,2.261297772e+05,NaN,NaN,NaN,2.922564820e+05,NaN,NaN
0.400,-Inf,1.574576231e+05,NaN,NaN,NaN,3.241529476e+05,NaN,NaN
0.450,-Inf,5.835684295e+04,NaN,NaN,NaN,3.281812643e+05,NaN,NaN
0.500,-Inf,6.060070365e+05,NaN,NaN,NaN,3.669693016e+05,NaN,NaN
