x,yOn,mOn,yOff,mOff\n0.00,NaN,NaN,1.416184116e+09,3.179599728e+09
0.03,1.379305647e+09,1.563590581e+09,1.565754473e+09,1.862677860e+09
0.05,1.436158783e+09,1.588341883e+09,1.465130572e+09,1.657962921e+09
0.10,1.590530296e+08,1.346113758e+08,1.590174686e+08,1.356557355e+08
0.15,1.337419684e+08,1.306707144e+08,1.435791544e+08,1.310690127e+08
0.20,1.360997438e+08,1.330651054e+08,1.578900050e+08,1.352226892e+08
0.25,4.661175006e+07,2.832041995e+07,5.637433470e+07,2.913474961e+07
0.30,6.115021507e+07,3.150517131e+07,6.535956776e+07,3.243977315e+07
0.35,5.637442507e+07,3.096070990e+07,2.344320255e+08,2.460991684e+08
0.40,6.361295161e+07,2.813140267e+07,1.112337794e+08,7.637406799e+07
0.45,1.096968859e+08,4.658686919e+07,1.444659543e+08,8.344391099e+07
0.50,1.006415095e+08,4.394065829e+07,1.164110853e+08,7.619025846e+07
