x,y1,y2,m1,m2\n\n0.000,1.416184116e+09,NaN
3179599728.097,NaN,2.500000000e-02
1518246291.719,1.518246292e+09,1.267819593e+09
1257068703.622,5.000000000e-02,1.455303491e+09
1455303491.246,1.166327605e+09,1.156437037e+09
0.100,1.458992056e+08,1.458992056e+08
95142577.192,9.433576881e+07,1.500000000e-01
143064629.187,1.430646292e+08,9.509447959e+07
94288063.014,2.000000000e-01,2.704595081e+08
270459508.121,2.054571197e+08,2.037146592e+08
0.250,2.649723769e+08,2.649723769e+08
233027566.929,2.310510675e+08,3.000000000e-01
92168336.686,9.216833669e+07,6.038474207e+07
59872545.581,3.500000000e-01,1.023714562e+08
102371456.164,9.641310193e+07,9.559524654e+07
0.400,7.513838929e+07,7.513838929e+07
35552736.576,3.525112025e+07,4.500000000e-01
95924232.441,9.592423244e+07,4.182113142e+07
41466284.913,5.000000000e-01,9.714532197e+07
97145321.972,4.146720453e+07,4.111527714e+07
