x,y1,y2,m1,m2\n\n0.000,2.648443033e+09,1.710891680e+08
6396688031.942,3.599109867e+08,2.500000000e-02
2942662064.330,7.157402266e+07,1.771798438e+09
34590849.624,5.000000000e-02,2.763888661e+09
119096470.529,1.625203850e+09,4.591491138e+07
0.100,2.066652803e+08,8.622942613e+07
130690259.490,3.558613266e+07,1.500000000e-01
233620869.815,5.345168273e+07,1.328973075e+08
22421404.120,2.000000000e-01,4.702799102e+08
80603903.004,2.951686827e+08,3.409709091e+07
0.250,4.795901689e+08,6.866863643e+07
342720782.605,2.784270336e+07,3.000000000e-01
128810477.700,5.831418466e+07,8.500689016e+07
23781110.973,3.500000000e-01,5.845126716e+07
142763430.537,2.175238582e+07,1.292358903e+08
0.400,5.941941194e+07,8.986363819e+07
20537348.565,4.469076243e+07,4.500000000e-01
71565374.820,1.181931289e+08,2.645028887e+07
51106654.628,5.000000000e-01,9.796985727e+07
96415531.417,3.215378124e+07,4.738055180e+07
