x,yOn,mOn,yOff,mOff\n0.00,1.710891680e+08,3.599109867e+08,2.648443033e+09,6.396688032e+09
0.03,7.157402266e+07,3.459084962e+07,2.942662064e+09,1.771798438e+09
0.05,1.190964705e+08,4.591491138e+07,2.763888661e+09,1.625203850e+09
0.10,8.622942613e+07,3.558613266e+07,2.066652803e+08,1.306902595e+08
0.15,5.345168273e+07,2.242140412e+07,2.336208698e+08,1.328973075e+08
0.20,8.060390300e+07,3.409709091e+07,4.702799102e+08,2.951686827e+08
0.25,6.866863643e+07,2.784270336e+07,4.795901689e+08,3.427207826e+08
0.30,5.831418466e+07,2.378111097e+07,1.288104777e+08,8.500689016e+07
0.35,1.427634305e+08,1.292358903e+08,5.845126716e+07,2.175238582e+07
0.40,8.986363819e+07,4.469076243e+07,5.941941194e+07,2.053734857e+07
0.45,1.181931289e+08,5.110665463e+07,7.156537482e+07,2.645028887e+07
0.50,9.641553142e+07,4.738055180e+07,9.796985727e+07,3.215378124e+07
