x,y1,y2,y3,y4,m1,m2,m3,m4
0.000,-2.525535223e+09,NaN,NaN,NaN,6.047796214e+09,NaN,NaN,NaN
0.025,-2.963251036e+09,-1.864488264e+08,0.000000000e+00,0.000000000e+00,1.695297740e+09,2.735319101e+08,0.000000000e+00,0.000000000e+00
0.050,-2.787405619e+09,-2.912346954e+07,0.000000000e+00,0.000000000e+00,1.588568462e+09,5.470553233e+07,0.000000000e+00,0.000000000e+00
0.100,-1.192304551e+08,8.641512137e+05,0.000000000e+00,0.000000000e+00,1.288012005e+08,8.778455133e+06,0.000000000e+00,0.000000000e+00
0.150,-1.866621956e+08,-9.546428688e+06,0.000000000e+00,0.000000000e+00,1.311319676e+08,7.974509631e+06,0.000000000e+00,0.000000000e+00
0.200,-3.968803820e+08,-2.268837377e+07,0.000000000e+00,0.000000000e+00,2.859284750e+08,2.864076140e+07,0.000000000e+00,0.000000000e+00
0.250,-4.134768721e+08,-9.011036502e+06,0.000000000e+00,0.000000000e+00,3.122976255e+08,1.304950663e+07,0.000000000e+00,0.000000000e+00
0.300,-6.626712075e+07,-3.430891083e+06,0.000000000e+00,0.000000000e+00,8.534905173e+07,2.220584940e+07,0.000000000e+00,0.000000000e+00
0.350,1.018748645e+08,-1.808334509e+08,0.000000000e+00,0.000000000e+00,1.384003485e+08,2.312147790e+08,0.000000000e+00,0.000000000e+00
0.400,3.931203604e+07,-4.948642656e+07,0.000000000e+00,0.000000000e+00,5.054060638e+07,5.743915486e+07,0.000000000e+00,0.000000000e+00
0.450,6.591911163e+07,-4.180896120e+07,0.000000000e+00,0.000000000e+00,5.950453678e+07,7.013603806e+07,0.000000000e+00,0.000000000e+00
0.500,2.249659166e+07,-2.318617606e+07,0.000000000e+00,0.000000000e+00,5.881944274e+07,8.181485026e+07,0.000000000e+00,0.000000000e+00