x,y1,y2,y3,y4,m1,m2,m3,m4\n\n0.000,1.416184116e+09,NaN,NaN,NaN
3392862884.742,NaN,NaN,NaN,2.500000000e-02
1565754473.252,1.379305647e+09,1.562934402e+09,1.564519343e+09,1.985096932e+09
1667934270.238,1.970670304e+09,1.972272839e+09,5.000000000e-02,1.465130572e+09
1436158782.924,1.480872231e+09,1.439101162e+09,1.766931538e+09,1.694340986e+09
1806589835.694,1.736587218e+09,1.000000000e-01,1.590174686e+08,1.590530296e+08
132115077.942,1.330672778e+08,1.445713133e+08,1.435941400e+08,1.415637345e+08
141654436.039,1.500000000e-01,1.435791544e+08,1.337419684e+08,1.463868067e+08
148779372.436,1.396825441e+08,1.393908132e+08,1.447023945e+08,1.475860583e+08
0.200,1.578900050e+08,1.360997438e+08,4.013469413e+08,4.020957935e+08
144109806.259,1.419459236e+08,4.211771446e+08,4.239557126e+08,2.500000000e-01
56374334.701,4.661175006e+07,5.009734232e+08,4.982620006e+08,3.104975054e+07
30210810.998,5.156040341e+08,5.164308092e+08,3.000000000e-01,6.535956776e+07
61150215.065,1.236928664e+08,1.268308591e+08,3.457193363e+07,3.360806716e+07
131481413.574,1.317555660e+08,3.500000000e-01,2.344320255e+08,5.637442507e+07
51181068.996,5.147922964e+07,2.622762278e+08,3.302718870e+07,3.502500619e+07
34876057.429,4.000000000e-01,1.112337794e+08,6.361295161e+07,5.973038404e+07
59702291.303,8.139443373e+07,3.000946195e+07,3.637998127e+07,3.636270943e+07
0.450,1.444659543e+08,1.096968859e+08,5.559157432e+07,5.526189756e+07
88929208.750,4.969776866e+07,3.858906592e+07,3.841680518e+07,5.000000000e-01
116411085.325,1.006415095e+08,8.079706353e+07,8.061462388e+07,8.119929757e+07
46875480.111,4.746790474e+07,4.739648229e+07,