x,y1,y2,y3,y4,m1,m2,m3,m4\n\n0.000,NaN,NaN,NaN,NaN
NaN,NaN,NaN,NaN,2.500000000e-02
Inf,Inf,NaN,NaN,NaN
NaN,NaN,NaN,5.000000000e-02,5.598566612e+07
56577822.432,NaN,NaN,6.421396400e+07,6.024944931e+07
NaN,NaN,1.000000000e-01,4.565126716e+07,3.727675626e+07
NaN,NaN,4.463232448e+07,3.691913153e+07,NaN
NaN,1.500000000e-01,2.297862744e+07,1.911196394e+07,NaN
NaN,1.476356023e+07,1.356056502e+07,NaN,NaN
0.200,3.421150609e+07,2.299900228e+07,NaN,NaN
21399979.071,1.492973570e+07,NaN,NaN,2.500000000e-01
35892277.679,3.088556009e+07,NaN,NaN,2.041628008e+07
20980993.308,NaN,NaN,3.000000000e-01,3.560175369e+07
29968217.350,NaN,NaN,2.067323404e+07,1.935553466e+07
NaN,NaN,3.500000000e-01,4.674519791e+07,6.968608627e+07
NaN,NaN,2.929984695e+07,5.007280090e+07,NaN
NaN,4.000000000e-01,4.325286024e+07,2.358855279e+07,4.477303381e+00
NaN,3.342579604e+07,1.593585894e+07,0.000000000e+00,NaN
0.450,3.277595490e+07,3.522733175e+07,NaN,NaN
23761972.923,2.179551245e+07,NaN,NaN,5.000000000e-01
19216178.052,1.336189304e+07,NaN,NaN,1.549771732e+07
9303814.542,NaN,NaN,