x,y1,y2,m1,m2\n\n0.000,NaN,NaN
NaN,NaN,2.500000000e-02
Inf,Inf,NaN
NaN,5.000000000e-02,5.621966337e+07
56219663.373,6.032133948e+07,6.032133948e+07
0.100,4.214764525e+07,4.214764525e+07
40011126.341,4.001112634e+07,1.500000000e-01
21274674.037,2.127467404e+07,1.350025861e+07
13500258.606,2.000000000e-01,2.903650433e+07
29036504.330,1.779576057e+07,1.779576057e+07
0.250,3.358677886e+07,3.358677886e+07
19403904.261,1.940390426e+07,3.000000000e-01
32928515.108,3.292851511e+07,1.884124744e+07
18841247.441,3.500000000e-01,5.767964002e+07
57679640.023,3.758634530e+07,3.758634530e+07
0.400,3.379728329e+07,3.379728329e+07
25242747.387,2.524274739e+07,4.500000000e-01
33935190.334,3.393519033e+07,2.148131312e+07
21481313.118,5.000000000e-01,1.644028607e+07
16440286.072,1.227773248e+07,1.227773248e+07
