x,y1,y2,y3,y4,m1,m2,m3,m4
0.000,NaN,NaN,NaN,NaN,NaN,NaN,NaN,NaN
0.025,NaN,NaN,NaN,NaN,NaN,NaN,NaN,NaN
0.050,1.421492638e+08,-3.031507186e+07,0.000000000e+00,0.000000000e+00,1.025283987e+08,3.547960082e+07,0.000000000e+00,0.000000000e+00
0.100,1.077687554e+08,-2.677579098e+07,0.000000000e+00,0.000000000e+00,6.760919390e+07,2.235223682e+07,0.000000000e+00,0.000000000e+00
0.150,4.064298720e+07,-8.242626972e+06,0.000000000e+00,0.000000000e+00,1.975131996e+07,1.036509216e+07,0.000000000e+00,0.000000000e+00
0.200,5.637109824e+07,-1.600312990e+07,0.000000000e+00,0.000000000e+00,2.632886129e+07,1.957304190e+07,0.000000000e+00,0.000000000e+00
0.250,6.777870273e+07,-8.735597333e+06,0.000000000e+00,0.000000000e+00,2.834111948e+07,2.300118812e+07,0.000000000e+00,0.000000000e+00
0.300,5.623274050e+07,-7.190540301e+05,0.000000000e+00,0.000000000e+00,2.567176591e+07,2.086229310e+07,0.000000000e+00,0.000000000e+00
0.350,1.180520408e+08,-6.443221480e+06,0.000000000e+00,0.000000000e+00,5.324754695e+07,3.170779969e+07,0.000000000e+00,0.000000000e+00
0.400,6.738190430e+07,-2.390406623e+07,0.000000000e+00,0.000000000e+00,3.568946857e+07,3.344874248e+07,0.000000000e+00,0.000000000e+00
0.450,6.370574701e+07,-6.046991075e+05,0.000000000e+00,0.000000000e+00,2.961446736e+07,2.870034274e+07,0.000000000e+00,0.000000000e+00
0.500,2.735156845e+07,-7.973330128e+06,0.000000000e+00,0.000000000e+00,1.593697336e+07,1.628273896e+07,0.000000000e+00,0.000000000e+00