x,y1,y2,m1,m2\n\n0.000,NaN,NaN
NaN,NaN,2.500000000e-02
Inf,Inf,NaN
NaN,5.000000000e-02,4.031970531e+06
136098785.071,3.197273173e+06,1.058128770e+08
0.100,2.314789123e+06,9.990528664e+07
1942416.863,6.818744834e+07,1.500000000e-01
2291162.032,4.621379765e+07,1.917381145e+06
21390561.554,2.000000000e-01,3.986876153e+06
59136460.770,3.345761110e+06,2.685540002e+07
0.250,4.697723032e+06,6.743440397e+07
3224023.505,2.894305815e+07,3.000000000e-01
6057519.140,6.384856526e+07,3.626792211e+06
27854977.411,3.500000000e-01,1.887994959e+06
120491425.857,9.766588359e+05,5.548865837e+07
0.400,2.751389705e+06,6.822638322e+07
1554099.517,3.716787258e+07,4.500000000e-01
2443900.873,6.946382460e+07,1.206174768e+06
31757615.797,5.000000000e-01,1.544887153e+06
33161572.599,7.464494107e+05,1.819872010e+07
