x,yOn,mOn,yOff,mOff\n0.00,NaN,NaN,NaN,NaN
0.03,Inf,NaN,Inf,NaN
0.05,1.360987851e+08,1.058128770e+08,4.031970531e+06,3.197273173e+06
0.10,9.990528664e+07,6.818744834e+07,2.314789123e+06,1.942416863e+06
0.15,4.621379765e+07,2.139056155e+07,2.291162032e+06,1.917381145e+06
0.20,5.913646077e+07,2.685540002e+07,3.986876153e+06,3.345761110e+06
0.25,6.743440397e+07,2.894305815e+07,4.697723032e+06,3.224023505e+06
0.30,6.384856526e+07,2.785497741e+07,6.057519140e+06,3.626792211e+06
0.35,1.204914259e+08,5.548865837e+07,1.887994959e+06,9.766588359e+05
0.40,6.822638322e+07,3.716787258e+07,2.751389705e+06,1.554099517e+06
0.45,6.946382460e+07,3.175761580e+07,2.443900873e+06,1.206174768e+06
0.50,3.316157260e+07,1.819872010e+07,1.544887153e+06,7.464494107e+05
