x,yOn,mOn,yOff,mOff
0.00,NaN,NaN,NaN,NaN
0.03,Inf,NaN,Inf,NaN
0.05,5.621966337e+07,6.032133948e+07,5.621966337e+07,6.032133948e+07
0.10,4.214764525e+07,4.001112634e+07,4.214764525e+07,4.001112634e+07
0.15,2.127467404e+07,1.350025861e+07,2.127467404e+07,1.350025861e+07
0.20,2.903650433e+07,1.779576057e+07,2.903650433e+07,1.779576057e+07
0.25,3.358677886e+07,1.940390426e+07,3.358677886e+07,1.940390426e+07
0.30,3.292851511e+07,1.884124744e+07,3.292851511e+07,1.884124744e+07
0.35,5.767964002e+07,3.758634530e+07,5.767964002e+07,3.758634530e+07
0.40,3.379728329e+07,2.524274739e+07,3.379728329e+07,2.524274739e+07
0.45,3.393519033e+07,2.148131312e+07,3.393519033e+07,2.148131312e+07
0.50,1.644028607e+07,1.227773248e+07,1.644028607e+07,1.227773248e+07