x,yOn,mOn,yOff,mOff\n0.00,NaN,NaN,9.935000000e-01,9.515773466e-03
0.03,9.943333333e-01,4.496997432e-03,9.943333333e-01,4.535567195e-03
0.05,9.926190476e-01,4.848163447e-03,9.911904762e-01,5.777314666e-03
0.10,9.921190476e-01,5.778329396e-03,9.896904762e-01,6.750411614e-03
0.15,9.931190476e-01,5.149939480e-03,9.916904762e-01,6.038508240e-03
0.20,9.936904762e-01,5.612086780e-03,9.926904762e-01,5.853441268e-03
0.25,9.931904762e-01,5.337137374e-03,9.941904762e-01,5.170989740e-03
0.30,9.949404762e-01,4.545503378e-03,9.949404762e-01,4.584489165e-03
0.35,9.978571429e-01,3.274490635e-03,9.978571429e-01,3.302575224e-03
0.40,9.978571429e-01,3.274490635e-03,9.971428571e-01,3.475967918e-03
0.45,9.978571429e-01,3.274490635e-03,9.978571429e-01,3.302575224e-03
0.50,9.978571429e-01,3.274490635e-03,9.978571429e-01,3.302575224e-03
