x,y1,y2,m1,m2
0.000,4.737322912e-01,NaN,5.341813788e-02,NaN
0.025,4.728610043e-01,4.728610043e-01,1.843919579e-02,1.828284998e-02
0.050,4.535510846e-01,4.535510846e-01,1.882352263e-02,1.866391812e-02
0.100,4.366674258e-01,4.366674258e-01,1.881016086e-02,1.865066964e-02
0.150,4.264788439e-01,4.264788439e-01,1.926549017e-02,1.910213822e-02
0.200,4.034441291e-01,4.034441291e-01,1.936533439e-02,1.920113586e-02
0.250,3.899053457e-01,3.899053457e-01,2.006777905e-02,1.989762450e-02
0.300,3.751878514e-01,3.751878514e-01,2.003001153e-02,1.986017721e-02
0.350,3.574491907e-01,3.574491907e-01,1.998700389e-02,1.981753422e-02
0.400,3.394841959e-01,3.394841959e-01,1.986693131e-02,1.969847974e-02
0.450,3.225521947e-01,3.225521947e-01,2.015703835e-02,1.998612696e-02
0.500,2.861517942e-01,2.861517942e-01,1.948971350e-02,1.932446036e-02