x,yOn,mOn,yOff,mOff\n0.00,4.107449173e-01,7.379396873e-02,5.367196651e-01,7.442591255e-02
0.03,4.179839149e-01,1.730803018e-02,5.277380937e-01,1.856433459e-02
0.05,4.009262620e-01,1.782829075e-02,5.061759072e-01,1.891759357e-02
0.10,3.948241343e-01,1.767662173e-02,4.785107173e-01,1.934849656e-02
0.15,3.804118382e-01,1.836021237e-02,4.725458496e-01,1.949330897e-02
0.20,3.637674110e-01,1.815917823e-02,4.431208472e-01,2.003894954e-02
0.25,3.579265047e-01,1.842696250e-02,4.218841866e-01,2.130069753e-02
0.30,3.456512201e-01,1.845521869e-02,4.047244827e-01,2.124699966e-02
0.35,3.266748074e-01,1.826990467e-02,3.882235740e-01,2.130518812e-02
0.40,3.119016522e-01,1.804440978e-02,3.670667396e-01,2.132471876e-02
0.45,3.014832409e-01,1.858704990e-02,3.436211485e-01,2.149083910e-02
0.50,2.684843804e-01,1.755632253e-02,3.038192079e-01,2.116039261e-02
