x,y1,y2,m1,m2\n\n0.000,4.737322912e-01,NaN
0.053,NaN,2.500000000e-02
0.473,4.728610043e-01,1.843919579e-02
0.018,5.000000000e-02,4.535510846e-01
0.454,1.882352263e-02,1.866391812e-02
0.100,4.366674258e-01,4.366674258e-01
0.019,1.865066964e-02,1.500000000e-01
0.426,4.264788439e-01,1.926549017e-02
0.019,2.000000000e-01,4.034441291e-01
0.403,1.936533439e-02,1.920113586e-02
0.250,3.899053457e-01,3.899053457e-01
0.020,1.989762450e-02,3.000000000e-01
0.375,3.751878514e-01,2.003001153e-02
0.020,3.500000000e-01,3.574491907e-01
0.357,1.998700389e-02,1.981753422e-02
0.400,3.394841959e-01,3.394841959e-01
0.020,1.969847974e-02,4.500000000e-01
0.323,3.225521947e-01,2.015703835e-02
0.020,5.000000000e-01,2.861517942e-01
0.286,1.948971350e-02,1.932446036e-02
