x,y1,y2,y3,y4,m1,m2,m3,m4\n\n0.000,4.737322912e-01,NaN,NaN,NaN
0.057,NaN,NaN,NaN,2.500000000e-02
0.471,4.701596403e-01,4.735556097e-01,4.765151685e-01,2.766386910e-02
0.028,2.759856054e-02,2.738357344e-02,5.000000000e-02,4.405717409e-01
0.449,4.608873467e-01,4.636440977e-01,2.700125836e-02,2.818062751e-02
0.029,2.877321314e-02,1.000000000e-01,4.169582967e-01,4.208513027e-01
0.455,4.543468865e-01,2.594599292e-02,2.763249991e-02,2.946696922e-02
0.029,1.500000000e-01,4.126856885e-01,3.963061975e-01,4.482142475e-01
0.449,2.616416232e-02,2.768294812e-02,3.052194068e-02,3.057304709e-02
0.200,3.903083586e-01,3.856461552e-01,4.187222549e-01,4.190997477e-01
0.026,2.760533795e-02,3.120376840e-02,3.127350297e-02,2.500000000e-01
0.375,3.678258151e-01,4.080613642e-01,4.086961468e-01,2.564703825e-02
0.028,3.298214733e-02,3.306949456e-02,3.000000000e-01,3.737345682e-01
0.358,3.839283964e-01,3.848185479e-01,2.519527978e-02,2.691104391e-02
0.033,3.359845550e-02,3.500000000e-01,3.517411441e-01,3.405854592e-01
0.368,3.693872537e-01,2.501205418e-02,2.678239724e-02,3.358657819e-02
0.033,4.000000000e-01,3.474542995e-01,3.261954078e-01,3.414292525e-01
0.343,2.541894411e-02,2.665066938e-02,3.309663885e-02,3.317380309e-02
0.450,3.444141235e-01,3.008816926e-01,3.224719612e-01,3.224410014e-01
0.025,2.623652832e-02,3.412171793e-02,3.410874383e-02,5.000000000e-01
0.319,2.659399295e-01,2.800040635e-01,2.800040635e-01,2.383072357e-02
0.024,3.367498758e-02,3.367498758e-02,