x,y1,y2,y3,y4,m1,m2,m3,m4
0.000,NaN,NaN,NaN,NaN,NaN,NaN,NaN,NaN
0.025,-5.500000000e-02,-7.000000000e-02,0.000000000e+00,0.000000000e+00,1.839068224e-02,2.758854610e-02,0.000000000e+00,0.000000000e+00
0.050,-4.375000000e-02,-8.750000000e-02,0.000000000e+00,0.000000000e+00,1.230039842e-02,2.101943123e-02,0.000000000e+00,0.000000000e+00
0.100,-4.291666667e-02,-8.500000000e-02,0.000000000e+00,0.000000000e+00,1.134435876e-02,1.826410709e-02,0.000000000e+00,0.000000000e+00
0.150,-3.425000000e-02,-8.916666667e-02,0.000000000e+00,0.000000000e+00,1.099412455e-02,1.636393737e-02,0.000000000e+00,0.000000000e+00
0.200,-1.848214286e-02,-8.089285714e-02,0.000000000e+00,0.000000000e+00,9.398841076e-03,1.540359390e-02,0.000000000e+00,0.000000000e+00
0.250,-1.067361111e-02,-8.876388889e-02,0.000000000e+00,0.000000000e+00,8.462219479e-03,1.415449777e-02,0.000000000e+00,0.000000000e+00
0.300,-7.060606061e-03,-7.624242424e-02,0.000000000e+00,0.000000000e+00,7.349909792e-03,1.210058867e-02,0.000000000e+00,0.000000000e+00
0.350,-8.060897436e-03,-8.254953380e-02,0.000000000e+00,0.000000000e+00,8.204393566e-03,1.290863707e-02,0.000000000e+00,0.000000000e+00
0.400,1.751373626e-03,-9.043681319e-02,0.000000000e+00,0.000000000e+00,7.474250537e-03,1.255861150e-02,0.000000000e+00,0.000000000e+00
0.450,6.541491597e-04,-8.852153361e-02,0.000000000e+00,0.000000000e+00,7.704128576e-03,1.281692830e-02,0.000000000e+00,0.000000000e+00
0.500,4.222028724e-03,-8.341825765e-02,0.000000000e+00,0.000000000e+00,7.855208374e-03,1.242637226e-02,0.000000000e+00,0.000000000e+00