x,y1,y2,m1,m2\n\n0.000,9.935000000e-01,NaN
0.010,NaN,2.500000000e-02
0.994,9.935595238e-01,3.302419236e-03
0.003,5.000000000e-02,9.913333333e-01
0.991,4.436615998e-03,4.398997963e-03
0.100,9.873750000e-01,9.873750000e-01
0.005,5.391293778e-03,1.500000000e-01
0.990,9.904107143e-01,4.303419256e-03
0.004,2.000000000e-01,9.908571429e-01
0.991,4.482971669e-03,4.444960585e-03
0.250,9.908988095e-01,9.908988095e-01
0.005,4.468680674e-03,3.000000000e-01
0.989,9.891488095e-01,5.226145176e-03
0.005,3.500000000e-01,9.893571429e-01
0.989,5.258216298e-03,5.213631920e-03
0.400,9.911369048e-01,9.911369048e-01
0.005,4.940937703e-03,4.500000000e-01
0.992,9.917321429e-01,4.762035722e-03
0.005,5.000000000e-01,9.922321429e-01
0.992,5.043097687e-03,5.000337297e-03
