x,y1,y2,m1,m2\n\n0.000,5.485000000e-01,NaN
0.046,NaN,2.500000000e-02
0.538,5.382187500e-01,1.564287876e-02
0.016,5.000000000e-02,5.129062500e-01
0.513,1.555750223e-02,1.542559028e-02
0.100,4.875000000e-01,4.875000000e-01
0.015,1.497748350e-02,1.500000000e-01
0.467,4.674375000e-01,1.464199276e-02
0.015,2.000000000e-01,4.375937500e-01
0.438,1.393988938e-02,1.382169316e-02
0.250,4.164687500e-01,4.164687500e-01
0.014,1.360793298e-02,3.000000000e-01
0.399,3.986562500e-01,1.319407402e-02
0.013,3.500000000e-01,3.765937500e-01
0.377,1.264240037e-02,1.253520554e-02
0.400,3.575937500e-01,3.575937500e-01
0.012,1.205682130e-02,4.500000000e-01
0.341,3.405312500e-01,1.197965926e-02
0.012,5.000000000e-01,3.145937500e-01
0.315,1.129401907e-02,1.119825716e-02
