x,y1,y2,m1,m2\n\n0.000,5.367196651e-01,4.107449173e-01
0.074,7.379396873e-02,2.500000000e-02
0.528,4.179839149e-01,1.856433459e-02
0.017,5.000000000e-02,5.061759072e-01
0.401,1.891759357e-02,1.782829075e-02
0.100,4.785107173e-01,3.948241343e-01
0.019,1.767662173e-02,1.500000000e-01
0.473,3.804118382e-01,1.949330897e-02
0.018,2.000000000e-01,4.431208472e-01
0.364,2.003894954e-02,1.815917823e-02
0.250,4.218841866e-01,3.579265047e-01
0.021,1.842696250e-02,3.000000000e-01
0.405,3.456512201e-01,2.124699966e-02
0.018,3.500000000e-01,3.882235740e-01
0.327,2.130518812e-02,1.826990467e-02
0.400,3.670667396e-01,3.119016522e-01
0.021,1.804440978e-02,4.500000000e-01
0.344,3.014832409e-01,2.149083910e-02
0.019,5.000000000e-01,3.038192079e-01
0.268,2.116039261e-02,1.755632253e-02
