x,yOn,mOn,yOff,mOff\n0.00,NaN,NaN,NaN,NaN
0.03,9.000000000e-02,2.187824108e-02,9.000000000e-02,2.187824108e-02
0.05,9.187500000e-02,1.741144401e-02,9.187500000e-02,1.741144401e-02
0.10,1.043750000e-01,1.556433872e-02,1.043750000e-01,1.556433872e-02
0.15,1.101250000e-01,1.531711891e-02,1.101250000e-01,1.531711891e-02
0.20,1.087202381e-01,1.397715680e-02,1.087202381e-01,1.397715680e-02
0.25,1.113854167e-01,1.348323884e-02,1.113854167e-01,1.348323884e-02
0.30,1.217853535e-01,1.435926975e-02,1.217853535e-01,1.435926975e-02
0.35,1.150692016e-01,1.366053837e-02,1.150692016e-01,1.366053837e-02
0.40,1.148129579e-01,1.331037598e-02,1.148129579e-01,1.331037598e-02
0.45,1.150190389e-01,1.321221041e-02,1.150190389e-01,1.321221041e-02
0.50,1.135793559e-01,1.306105404e-02,1.135793559e-01,1.306105404e-02
