x,y1,y2,y3,y4,m1,m2,m3,m4\n\n0.000,NaN,NaN,NaN,NaN
NaN,NaN,NaN,NaN,2.500000000e-02
0.215,1.450000000e-01,0.000000000e+00,0.000000000e+00,4.747091580e-02
0.041,0.000000000e+00,0.000000000e+00,5.000000000e-02,2.275000000e-01
0.140,0.000000000e+00,0.000000000e+00,3.690288601e-02,3.010983939e-02
0.000,0.000000000e+00,1.000000000e-01,2.512500000e-01,1.662500000e-01
0.000,0.000000000e+00,2.974919054e-02,2.643219403e-02,0.000000000e+00
0.000,1.500000000e-01,2.648333333e-01,1.756666667e-01,0.000000000e+00
0.000,2.895236941e-02,2.459577238e-02,0.000000000e+00,0.000000000e+00
0.200,2.578869048e-01,1.769940476e-01,0.000000000e+00,0.000000000e+00
0.026,2.134235842e-02,0.000000000e+00,0.000000000e+00,2.500000000e-01
0.267,1.783888889e-01,0.000000000e+00,0.000000000e+00,2.423860785e-02
0.019,0.000000000e+00,0.000000000e+00,3.000000000e-01,2.816919192e-01
0.205,0.000000000e+00,0.000000000e+00,2.438298073e-02,2.141842074e-02
0.000,0.000000000e+00,3.500000000e-01,2.714131702e-01,1.888636364e-01
0.000,0.000000000e+00,2.367445251e-02,1.980299881e-02,0.000000000e+00
0.000,4.000000000e-01,2.746657509e-01,1.842289377e-01,3.571428571e-04
0.000,2.241421321e-02,1.896900881e-02,5.821595935e-04,0.000000000e+00
0.450,2.742988445e-01,1.857773109e-01,0.000000000e+00,0.000000000e+00
0.022,1.878124854e-02,0.000000000e+00,0.000000000e+00,5.000000000e-01
0.269,1.854495829e-01,0.000000000e+00,0.000000000e+00,2.155073531e-02
0.019,0.000000000e+00,0.000000000e+00,