x,y1,y2,y3,y4,m1,m2,m3,m4\n0.000,NaN,NaN,NaN,NaN,NaN,NaN,NaN,NaN
0.025,-1.288095238e-02,0.000000000e+00,0.000000000e+00,0.000000000e+00,4.255533390e-03,0.000000000e+00,0.000000000e+00,0.000000000e+00
0.050,-1.733333333e-02,1.428571429e-03,0.000000000e+00,0.000000000e+00,5.716853747e-03,2.028791159e-03,0.000000000e+00,0.000000000e+00
0.100,-2.275000000e-02,2.428571429e-03,0.000000000e+00,0.000000000e+00,6.787443674e-03,2.470601886e-03,0.000000000e+00,0.000000000e+00
0.150,-1.667857143e-02,1.428571429e-03,0.000000000e+00,0.000000000e+00,5.566613792e-03,2.028791159e-03,0.000000000e+00,0.000000000e+00
0.200,-1.578571429e-02,1.000000000e-03,0.000000000e+00,0.000000000e+00,5.807699173e-03,1.420153812e-03,0.000000000e+00,0.000000000e+00
0.250,-1.820238095e-02,-1.000000000e-03,0.000000000e+00,0.000000000e+00,5.802782328e-03,1.420153812e-03,0.000000000e+00,0.000000000e+00
0.300,-2.170238095e-02,0.000000000e+00,0.000000000e+00,0.000000000e+00,6.724060704e-03,0.000000000e+00,0.000000000e+00,0.000000000e+00
0.350,-2.128571429e-02,0.000000000e+00,0.000000000e+00,0.000000000e+00,6.769747129e-03,0.000000000e+00,0.000000000e+00,0.000000000e+00
0.400,-1.772619048e-02,7.142857143e-04,0.000000000e+00,0.000000000e+00,6.433878835e-03,1.014395580e-03,0.000000000e+00,0.000000000e+00
0.450,-1.653571429e-02,0.000000000e+00,0.000000000e+00,0.000000000e+00,6.151117594e-03,0.000000000e+00,0.000000000e+00,0.000000000e+00
0.500,-1.553571429e-02,0.000000000e+00,0.000000000e+00,0.000000000e+00,6.526808343e-03,0.000000000e+00,0.000000000e+00,0.000000000e+00
