x,yOn,mOn,yOff,mOff\n0.00,NaN,NaN,5.485000000e-01,4.648372107e-02
0.03,5.382187500e-01,1.551024290e-02,5.382187500e-01,1.564287876e-02
0.05,5.129062500e-01,1.542559028e-02,5.129062500e-01,1.555750223e-02
0.10,4.875000000e-01,1.497748350e-02,4.875000000e-01,1.510556347e-02
0.15,4.674375000e-01,1.451784341e-02,4.674375000e-01,1.464199276e-02
0.20,4.375937500e-01,1.382169316e-02,4.375937500e-01,1.393988938e-02
0.25,4.164687500e-01,1.360793298e-02,4.164687500e-01,1.372430123e-02
0.30,3.986562500e-01,1.308220156e-02,3.986562500e-01,1.319407402e-02
0.35,3.765937500e-01,1.253520554e-02,3.765937500e-01,1.264240037e-02
0.40,3.575937500e-01,1.205682130e-02,3.575937500e-01,1.215992521e-02
0.45,3.405312500e-01,1.187808381e-02,3.405312500e-01,1.197965926e-02
0.50,3.145937500e-01,1.119825716e-02,3.145937500e-01,1.129401907e-02
