x,y1,y2,m1,m2\n\n0.000,NaN,NaN
NaN,NaN,2.500000000e-02
0.117,6.250000000e-02,2.461765851e-02
0.019,5.000000000e-02,1.137500000e-01
0.070,1.933049483e-02,1.506835919e-02
0.100,1.258333333e-01,8.291666667e-02
0.017,1.397932574e-02,1.500000000e-01
0.127,9.300000000e-02,1.639231195e-02
0.014,2.000000000e-01,1.179613095e-01
0.099,1.425420767e-02,1.365800838e-02
0.250,1.167222222e-01,1.060486111e-01
0.013,1.348315020e-02,3.000000000e-01
0.125,1.182550505e-01,1.393073884e-02
0.015,3.500000000e-01,1.190996503e-01
0.111,1.348055998e-02,1.383131375e-02
0.400,1.139372711e-01,1.156886447e-01
0.013,1.387210103e-02,4.500000000e-01
0.115,1.153461134e-01,1.256514976e-02
0.014,5.000000000e-01,1.114683415e-01
0.116,1.239146602e-02,1.369604853e-02
