x,yOn,mOn,yOff,mOff\n0.00,4.942500000e-01,6.439575469e-02,6.027500000e-01,6.467968977e-02
0.03,4.916250000e-01,1.473328643e-02,5.848125000e-01,1.570087701e-02
0.05,4.689375000e-01,1.480196235e-02,5.568750000e-01,1.555596641e-02
0.10,4.526875000e-01,1.434072330e-02,5.223125000e-01,1.537174777e-02
0.15,4.315000000e-01,1.410119910e-02,5.033750000e-01,1.464843437e-02
0.20,4.085000000e-01,1.330847779e-02,4.666875000e-01,1.419371506e-02
0.25,3.944375000e-01,1.296248288e-02,4.385000000e-01,1.424485880e-02
0.30,3.791875000e-01,1.269844736e-02,4.181250000e-01,1.350592735e-02
0.35,3.573125000e-01,1.216152282e-02,3.958750000e-01,1.293591058e-02
0.40,3.430000000e-01,1.192546215e-02,3.721875000e-01,1.228733895e-02
0.45,3.300000000e-01,1.193689093e-02,3.510625000e-01,1.196730817e-02
0.50,3.075000000e-01,1.126099292e-02,3.216875000e-01,1.130050761e-02
