x,y1,y2,m1,m2\n\n0.000,NaN,NaN
NaN,NaN,2.500000000e-02
0.090,9.000000000e-02,2.187824108e-02
0.022,5.000000000e-02,9.187500000e-02
0.092,1.741144401e-02,1.741144401e-02
0.100,1.043750000e-01,1.043750000e-01
0.016,1.556433872e-02,1.500000000e-01
0.110,1.101250000e-01,1.531711891e-02
0.015,2.000000000e-01,1.087202381e-01
0.109,1.397715680e-02,1.397715680e-02
0.250,1.113854167e-01,1.113854167e-01
0.013,1.348323884e-02,3.000000000e-01
0.122,1.217853535e-01,1.435926975e-02
0.014,3.500000000e-01,1.150692016e-01
0.115,1.366053837e-02,1.366053837e-02
0.400,1.148129579e-01,1.148129579e-01
0.013,1.331037598e-02,4.500000000e-01
0.115,1.150190389e-01,1.321221041e-02
0.013,5.000000000e-01,1.135793559e-01
0.114,1.306105404e-02,1.306105404e-02
