x,y1,y2,y3,y4,m1,m2,m3,m4\n0.000,NaN,NaN,NaN,NaN,NaN,NaN,NaN,NaN
0.025,-1.097541788e-01,-1.053958327e-03,0.000000000e+00,0.000000000e+00,1.361313834e-02,6.096731840e-03,0.000000000e+00,0.000000000e+00
0.050,-1.052496452e-01,8.529412429e-03,0.000000000e+00,0.000000000e+00,1.368278240e-02,8.758932329e-03,0.000000000e+00,0.000000000e+00
0.100,-8.368658296e-02,3.893005969e-03,0.000000000e+00,0.000000000e+00,1.342913322e-02,9.999263643e-03,0.000000000e+00,0.000000000e+00
0.150,-9.213401140e-02,-1.637949102e-02,0.000000000e+00,0.000000000e+00,1.452518988e-02,1.234485438e-02,0.000000000e+00,0.000000000e+00
0.200,-7.935343617e-02,-4.662203346e-03,0.000000000e+00,0.000000000e+00,1.406077257e-02,1.249094128e-02,0.000000000e+00,0.000000000e+00
0.250,-6.395768183e-02,-7.212241502e-03,0.000000000e+00,0.000000000e+00,1.479262496e-02,1.444993618e-02,0.000000000e+00,0.000000000e+00
0.300,-5.907326265e-02,-1.546467498e-02,0.000000000e+00,0.000000000e+00,1.579984579e-02,1.485073487e-02,0.000000000e+00,0.000000000e+00
0.350,-6.154876656e-02,-1.115568491e-02,0.000000000e+00,0.000000000e+00,1.524631971e-02,1.803229727e-02,0.000000000e+00,0.000000000e+00
0.400,-5.516508746e-02,-2.125889163e-02,0.000000000e+00,0.000000000e+00,1.576256626e-02,1.434586510e-02,0.000000000e+00,0.000000000e+00
0.450,-4.213790758e-02,-4.353243095e-02,0.000000000e+00,0.000000000e+00,1.592412721e-02,1.644310987e-02,0.000000000e+00,0.000000000e+00
0.500,-3.533482757e-02,-5.271919075e-02,0.000000000e+00,0.000000000e+00,1.669974318e-02,1.544963337e-02,0.000000000e+00,0.000000000e+00
