x,y1,y2,y3,y4,m1,m2,m3,m4\n0.000,NaN,NaN,NaN,NaN,NaN,NaN,NaN,NaN
0.025,-9.318750000e-02,-3.000000000e-03,0.000000000e+00,0.000000000e+00,1.138573285e-02,4.903306859e-03,0.000000000e+00,0.000000000e+00
0.050,-8.793750000e-02,2.500000000e-03,0.000000000e+00,0.000000000e+00,1.103327857e-02,6.677827308e-03,0.000000000e+00,0.000000000e+00
0.100,-6.962500000e-02,-4.125000000e-03,0.000000000e+00,0.000000000e+00,1.045366784e-02,7.384044535e-03,0.000000000e+00,0.000000000e+00
0.150,-7.187500000e-02,-2.312500000e-02,0.000000000e+00,0.000000000e+00,1.090374523e-02,8.851619406e-03,0.000000000e+00,0.000000000e+00
0.200,-5.818750000e-02,-1.687500000e-02,0.000000000e+00,0.000000000e+00,9.919423150e-03,8.768938374e-03,0.000000000e+00,0.000000000e+00
0.250,-4.406250000e-02,-2.425000000e-02,0.000000000e+00,0.000000000e+00,9.765638592e-03,9.866726100e-03,0.000000000e+00,0.000000000e+00
0.300,-3.893750000e-02,-2.887500000e-02,0.000000000e+00,0.000000000e+00,9.700068781e-03,9.343053305e-03,0.000000000e+00,0.000000000e+00
0.350,-3.856250000e-02,-3.112500000e-02,0.000000000e+00,0.000000000e+00,9.383600965e-03,1.145489364e-02,0.000000000e+00,0.000000000e+00
0.400,-2.918750000e-02,-4.200000000e-02,0.000000000e+00,0.000000000e+00,8.979914732e-03,9.280683986e-03,0.000000000e+00,0.000000000e+00
0.450,-2.106250000e-02,-5.437500000e-02,0.000000000e+00,0.000000000e+00,8.804799786e-03,1.028949179e-02,0.000000000e+00,0.000000000e+00
0.500,-1.418750000e-02,-5.862500000e-02,0.000000000e+00,0.000000000e+00,8.545164059e-03,9.865722948e-03,0.000000000e+00,0.000000000e+00
