x,y1,y2,m1,m2\n\n0.000,6.027500000e-01,4.942500000e-01
0.065,6.439575469e-02,2.500000000e-02
0.585,4.916250000e-01,1.570087701e-02
0.015,5.000000000e-02,5.568750000e-01
0.469,1.555596641e-02,1.480196235e-02
0.100,5.223125000e-01,4.526875000e-01
0.015,1.434072330e-02,1.500000000e-01
0.503,4.315000000e-01,1.464843437e-02
0.014,2.000000000e-01,4.666875000e-01
0.409,1.419371506e-02,1.330847779e-02
0.250,4.385000000e-01,3.944375000e-01
0.014,1.296248288e-02,3.000000000e-01
0.418,3.791875000e-01,1.350592735e-02
0.013,3.500000000e-01,3.958750000e-01
0.357,1.293591058e-02,1.216152282e-02
0.400,3.721875000e-01,3.430000000e-01
0.012,1.192546215e-02,4.500000000e-01
0.351,3.300000000e-01,1.196730817e-02
0.012,5.000000000e-01,3.216875000e-01
0.308,1.130050761e-02,1.126099292e-02
