x,y1,y2,m1,m2\n\n0.000,1.000000000e+00,9.870000000e-01
0.000,1.911726030e-02,2.500000000e-02
1.000,9.871190476e-01,0.000000000e+00
0.005,5.000000000e-02,1.000000000e+00
0.983,0.000000000e+00,6.202747967e-03
0.100,9.987500000e-01,9.760000000e-01
0.001,7.466171647e-03,1.500000000e-01
0.999,9.820714286e-01,1.359580991e-03
0.006,2.000000000e-01,9.987500000e-01
0.983,1.359580991e-03,6.132285145e-03
0.250,1.000000000e+00,9.817976190e-01
0.000,6.295979901e-03,3.000000000e-01
1.000,9.782976190e-01,0.000000000e+00
0.007,3.500000000e-01,1.000000000e+00
0.979,0.000000000e+00,7.345130223e-03
0.400,1.000000000e+00,9.822738095e-01
0.000,6.980715378e-03,4.500000000e-01
1.000,9.834642857e-01,0.000000000e+00
0.007,5.000000000e-01,1.000000000e+00
0.984,0.000000000e+00,7.081543271e-03
