x,yOn,mOn,yOff,mOff
0.00,NaN,NaN,-1.068251378e+00,6.841776155e-02
0.03,-1.083846790e+00,3.498662712e-02,-1.091940345e+00,3.862265678e-02
0.05,-1.102657298e+00,3.787623234e-02,-1.086751860e+00,3.746043325e-02
0.10,-1.158149069e+00,4.549546534e-02,-1.119125776e+00,4.220189882e-02
0.15,-1.186706967e+00,4.633566980e-02,-1.157572922e+00,4.513560596e-02
0.20,-1.227299207e+00,4.841943272e-02,-1.244434242e+00,5.249639154e-02
0.25,-1.233503886e+00,4.548530002e-02,-1.267192707e+00,4.931574308e-02
0.30,-1.292839792e+00,5.078537552e-02,-1.317474031e+00,5.222800928e-02
0.35,-1.335134718e+00,5.281962213e-02,-1.331064368e+00,5.317060334e-02
0.40,-1.369047508e+00,5.475758045e-02,-1.366377590e+00,5.428759745e-02
0.45,-1.392029165e+00,5.607026692e-02,-1.389401445e+00,5.428713114e-02
0.50,-1.433631101e+00,5.784017978e-02,-1.440056889e+00,5.800788203e-02