x,y1,y2,m1,m2
0.000,6.320060015e-01,NaN,4.938756282e-02,NaN
0.025,6.418024182e-01,6.434409545e-01,1.687937431e-02,1.712834480e-02
0.050,6.553149059e-01,6.567795316e-01,1.698179571e-02,1.735869515e-02
0.100,6.694451958e-01,6.731716127e-01,1.696330447e-02,1.767168706e-02
0.150,6.817160604e-01,6.796033651e-01,1.677509472e-02,1.749988356e-02
0.200,6.899137396e-01,6.914771293e-01,1.733727694e-02,1.864269515e-02
0.250,6.960666546e-01,7.020078717e-01,1.740924100e-02,1.800025432e-02
0.300,7.178162267e-01,7.262734015e-01,1.736775943e-02,1.831549539e-02
0.350,7.218931881e-01,7.319088243e-01,1.778691566e-02,1.871699711e-02
0.400,7.367714748e-01,7.350139059e-01,1.770738120e-02,1.927211681e-02
0.450,7.488475497e-01,7.572194018e-01,1.789527647e-02,1.980275818e-02
0.500,7.676186216e-01,7.689009788e-01,1.792404504e-02,1.973671287e-02