x,y1,y2,y3,y4,m1,m2,m3,m4
0.000,6.320060015e-01,NaN,NaN,NaN,5.270010164e-02,NaN,NaN,NaN
0.025,6.450129029e-01,6.494925643e-01,6.380210088e-01,6.379624807e-01,2.600381798e-02,2.601734116e-02,2.526801859e-02,2.524889284e-02
0.050,6.627552578e-01,6.664753195e-01,6.467978951e-01,6.480528937e-01,2.567551197e-02,2.603925321e-02,2.587267051e-02,2.589027654e-02
0.100,6.838302753e-01,6.901143207e-01,6.550970264e-01,6.557013712e-01,2.505183595e-02,2.562080319e-02,2.669395018e-02,2.675371835e-02
0.150,6.898010801e-01,7.164997200e-01,6.575486703e-01,6.579376896e-01,2.472152517e-02,2.439253689e-02,2.675582792e-02,2.677339711e-02
0.200,7.072441889e-01,7.218367597e-01,6.651189984e-01,6.657362848e-01,2.443729102e-02,2.520108705e-02,2.908330754e-02,2.910262878e-02
0.250,7.200642653e-01,7.253248104e-01,6.723934068e-01,6.727023193e-01,2.425227394e-02,2.490878615e-02,2.864432228e-02,2.867396658e-02
0.300,7.383305678e-01,7.487856742e-01,6.967893121e-01,6.972818763e-01,2.346285106e-02,2.448976742e-02,2.984681584e-02,2.985107879e-02
0.350,7.461471845e-01,7.586775882e-01,6.959842159e-01,6.958373444e-01,2.353038971e-02,2.395479392e-02,3.146092993e-02,3.142128706e-02
0.400,7.596915573e-01,7.668446731e-01,7.032135274e-01,7.025058521e-01,2.339272969e-02,2.330971293e-02,3.254343361e-02,3.258341291e-02
0.450,7.697150951e-01,7.895072279e-01,7.194299793e-01,7.186128550e-01,2.324649204e-02,2.287040869e-02,3.428294826e-02,3.437368563e-02
0.500,7.841276279e-01,8.028499983e-01,7.326161270e-01,7.324630329e-01,2.255033015e-02,2.215254724e-02,3.598842548e-02,3.601841745e-02