x,y1,y2,m1,m2
0.000,-9.539126257e-01,-1.132493049e+00,6.742358195e-02,1.066503791e-01
0.029,-9.803567914e-01,-1.152994159e+00,2.087419352e-02,2.702648400e-02
0.088,-9.977037785e-01,-1.163603047e+00,2.360777656e-02,2.720393146e-02
0.147,-1.026161508e+00,-1.187687847e+00,2.688924801e-02,2.899025368e-02
0.206,-1.039279227e+00,-1.237362237e+00,2.710058724e-02,3.059675494e-02
0.265,-1.045094722e+00,-1.241823661e+00,2.762517113e-02,3.218125544e-02
0.324,-1.075479892e+00,-1.241819815e+00,3.042013407e-02,3.296932903e-02
0.382,-1.104161315e+00,-1.244811167e+00,3.484922927e-02,3.379900591e-02
0.441,-1.138251955e+00,-1.295805685e+00,3.552586696e-02,3.828515111e-02
0.500,-1.191193285e+00,-1.332586766e+00,4.014907263e-02,3.992154195e-02