x,yOn,mOn,yOff,mOff
0.00,-1.222709915e+00,1.068727587e-01,-1.039296579e+00,9.936837804e-02
0.03,-1.247349813e+00,3.907991003e-02,-1.114032841e+00,3.869813729e-02
0.09,-1.268404280e+00,3.987373508e-02,-1.160421178e+00,4.095359585e-02
0.15,-1.308402814e+00,4.243055640e-02,-1.207307532e+00,4.581147845e-02
0.21,-1.346323796e+00,4.336626625e-02,-1.267729018e+00,4.555683234e-02
0.26,-1.339116202e+00,4.607877625e-02,-1.313268976e+00,4.911273446e-02
0.32,-1.342524630e+00,4.785206297e-02,-1.364591082e+00,5.411394222e-02
0.38,-1.339535292e+00,4.995083998e-02,-1.389385940e+00,5.695393996e-02
0.44,-1.371608357e+00,5.589338450e-02,-1.420571183e+00,5.686141120e-02
0.50,-1.415659489e+00,5.831700676e-02,-1.457635251e+00,6.060421232e-02