x,y1,y2,y3,y4,m1,m2,m3,m4
0.000,6.431117448e-02,0.000000000e+00,0.000000000e+00,0.000000000e+00,2.781079369e-02,0.000000000e+00,0.000000000e+00,0.000000000e+00
0.025,7.585328867e-01,7.772756959e-01,NaN,NaN,7.992659231e-02,1.291239138e-01,NaN,NaN
0.050,6.279078507e-01,8.402822796e-01,NaN,NaN,1.417427925e-01,5.202735040e-02,NaN,NaN
0.100,7.161703578e-01,7.551983431e-01,NaN,NaN,1.505705048e-01,2.237479375e-01,NaN,NaN
0.150,6.890575598e-01,7.549534528e-01,NaN,NaN,8.493667638e-02,2.242449816e-01,NaN,NaN
0.200,6.593109715e-01,6.698264041e-01,NaN,NaN,9.804836729e-02,2.188653503e-01,NaN,NaN
0.250,5.484707890e-01,7.776621775e-01,NaN,NaN,1.223269538e-01,0.000000000e+00,NaN,NaN
0.300,7.083482705e-01,7.941346349e-01,NaN,NaN,1.058002127e-01,1.379795649e-01,NaN,NaN
0.350,7.452270887e-01,7.400505792e-01,NaN,NaN,8.560050374e-02,1.753306268e-01,NaN,NaN
0.400,6.127180336e-01,6.531406543e-01,NaN,NaN,1.268218015e-01,0.000000000e+00,NaN,NaN
0.450,7.476094577e-01,7.828925129e-01,NaN,NaN,8.456429589e-02,0.000000000e+00,NaN,NaN
0.500,7.718595321e-01,7.418571380e-01,NaN,NaN,6.397752871e-02,6.377362073e-02,NaN,NaN