x,yOn,mOn,yOff,mOff
0.00,NaN,NaN,6.319005945e-01,4.870800201e-02
0.03,6.562321515e-01,2.270770298e-02,6.556369350e-01,2.305066755e-02
0.09,6.735804351e-01,2.315433009e-02,6.761509764e-01,2.363230220e-02
0.15,6.707845868e-01,2.308329218e-02,6.780695295e-01,2.326574931e-02
0.21,6.829316193e-01,2.319089733e-02,6.890183087e-01,2.288312458e-02
0.26,6.872935288e-01,2.302008200e-02,6.927559735e-01,2.235511338e-02
0.32,7.214860572e-01,2.179611155e-02,7.208209426e-01,2.128666982e-02
0.38,7.288595547e-01,2.223275120e-02,7.291362680e-01,2.236219977e-02
0.44,7.388451423e-01,2.194227772e-02,7.428247830e-01,2.180484592e-02
0.50,7.566041882e-01,2.252469808e-02,7.553774502e-01,2.171986756e-02