x,yOn,mOn,yOff,mOff
0.00,NaN,NaN,-1.043675272e+00,6.532304734e-02
0.03,-1.076127828e+00,3.640792182e-02,-1.077418095e+00,3.713868841e-02
0.09,-1.100907523e+00,3.849460775e-02,-1.102842031e+00,4.017378080e-02
0.15,-1.139718672e+00,4.399309179e-02,-1.132532004e+00,4.392195790e-02
0.21,-1.166525652e+00,4.392804899e-02,-1.178314390e+00,4.552789453e-02
0.26,-1.183245310e+00,4.709846048e-02,-1.191560209e+00,4.781261200e-02
0.32,-1.223005055e+00,4.987914778e-02,-1.218798147e+00,4.963696641e-02
0.38,-1.240405827e+00,5.201167778e-02,-1.250444898e+00,5.238289381e-02
0.44,-1.291197053e+00,5.559786436e-02,-1.277541720e+00,5.577485415e-02
0.50,-1.345462767e+00,5.909569056e-02,-1.343869889e+00,6.046398996e-02