x,y1,y2,m1,m2
0.000,6.319005945e-01,NaN,4.870800201e-02,NaN
0.029,6.529603472e-01,6.530480357e-01,1.636871545e-02,1.616134086e-02
0.088,6.723050272e-01,6.707800193e-01,1.689680588e-02,1.664129532e-02
0.147,6.726339214e-01,6.691645107e-01,1.691403637e-02,1.674675300e-02
0.206,6.776711097e-01,6.750805253e-01,1.718352214e-02,1.718358621e-02
0.265,6.779976560e-01,6.730000020e-01,1.738977280e-02,1.750806072e-02
0.324,7.000565814e-01,6.993315164e-01,1.733603853e-02,1.738405139e-02
0.382,7.126848392e-01,7.090334394e-01,1.778332350e-02,1.770812859e-02
0.441,7.300942038e-01,7.271678181e-01,1.731016516e-02,1.714013952e-02
0.500,7.454927701e-01,7.449835356e-01,1.737966630e-02,1.765285565e-02