x,y1,y2,m1,m2
0.000,-1.039296579e+00,-1.222709915e+00,9.936837804e-02,1.068727587e-01
0.029,-1.098702324e+00,-1.238771143e+00,2.672871594e-02,2.703978315e-02
0.088,-1.121689362e+00,-1.252017999e+00,2.743859527e-02,2.767668691e-02
0.147,-1.160596809e+00,-1.279712197e+00,3.126517437e-02,2.836050221e-02
0.206,-1.194110302e+00,-1.306427130e+00,3.120667985e-02,2.949737486e-02
0.265,-1.211078696e+00,-1.303110831e+00,3.113590854e-02,3.152707306e-02
0.324,-1.239051935e+00,-1.300357589e+00,3.414460454e-02,3.263360905e-02
0.382,-1.259839399e+00,-1.304728230e+00,3.768621645e-02,3.386040729e-02
0.441,-1.292881970e+00,-1.354982928e+00,3.807171786e-02,3.775596604e-02
0.500,-1.305819094e+00,-1.390347682e+00,4.035756035e-02,3.940925472e-02