x,y1,y2,m1,m2
0.000,5.865230610e-01,6.768004698e-01,7.631328030e-02,5.990368173e-02
0.029,6.113983039e-01,6.938209262e-01,1.696619004e-02,1.508121257e-02
0.088,6.168732450e-01,7.248513225e-01,1.745095266e-02,1.513973057e-02
0.147,6.208054986e-01,7.198619188e-01,1.729141541e-02,1.560710484e-02
0.206,6.204270955e-01,7.311597500e-01,1.696255177e-02,1.643373348e-02
0.265,6.214737936e-01,7.299811495e-01,1.659012961e-02,1.736459957e-02
0.324,6.444560251e-01,7.570950074e-01,1.743367557e-02,1.613861131e-02
0.382,6.509176175e-01,7.746586189e-01,1.825719435e-02,1.563633645e-02
0.441,6.695808981e-01,7.920764490e-01,1.735102849e-02,1.548804140e-02
0.500,6.831534696e-01,8.139483541e-01,1.740937879e-02,1.567535368e-02