x,y1,y2,y3,y4,m1,m2,m3,m4
0.000,NaN,NaN,NaN,NaN,NaN,NaN,NaN,NaN
0.025,NaN,4.102327920e-02,-1.327848263e-02,1.019679809e-03,NaN,5.782772434e-02,2.819290599e-02,1.711648872e-02
0.050,NaN,-1.953438180e-02,-7.263070298e-02,-5.573271339e-03,NaN,9.555066271e-02,9.662772043e-02,2.665252114e-02
0.100,-1.428033453e-01,-4.907096058e-03,-4.184066389e-02,6.501019447e-02,1.696021776e-01,8.029765544e-01,1.649343643e-01,1.677145007e-01
0.150,-1.428879554e-01,-4.634626516e-03,-1.376715630e-01,-4.431015188e-02,1.766779271e-01,8.070104590e-01,2.933640396e-01,1.789438955e-01
0.200,NaN,4.319252611e-02,-1.348653843e-01,-1.421715132e-02,NaN,2.288442511e+00,8.108461968e-01,1.087232854e-01
0.250,NaN,9.511285087e-02,1.487121174e-01,2.138089111e-02,NaN,7.842384219e-01,1.602518974e+00,7.436589301e-02
0.300,3.104472278e-02,-1.970271774e-02,-5.414759849e-02,4.057302524e-05,NaN,9.141937983e-02,2.672120222e+01,1.168425183e-01
0.350,NaN,-4.338013671e-02,NaN,2.983766326e-02,NaN,7.195650240e-02,NaN,5.892841743e-02
0.400,NaN,-5.563636814e-02,1.575971100e-02,4.126622629e-02,NaN,1.393181948e-01,1.639545330e+00,6.170469645e-02
0.450,NaN,1.313146722e-02,-1.814990872e-01,3.469624451e-02,NaN,NaN,6.052979682e-01,6.315574352e-02
0.500,NaN,-3.475691801e-02,3.999213680e-02,3.016809146e-02,NaN,6.090682682e-01,2.691133502e-01,4.755088724e-02