x,yOn,mOn,yOff,mOff
0.00,0.000000000e+00,0.000000000e+00,1.896540030e-01,3.744661389e-02
0.03,7.892988497e-01,1.822203178e-02,7.780525428e-01,1.874124414e-02
0.09,7.877781557e-01,1.942892117e-02,7.735244709e-01,2.031477017e-02
0.15,7.831926157e-01,2.075397533e-02,7.640618327e-01,2.142750642e-02
0.21,7.922046699e-01,2.097274452e-02,7.645555928e-01,2.086479277e-02
0.26,7.778173790e-01,2.263171992e-02,7.650133951e-01,1.967526274e-02
0.32,7.904451617e-01,2.218997648e-02,7.787775558e-01,1.844638520e-02
0.38,7.897499574e-01,2.235123473e-02,7.795647311e-01,1.837745295e-02
0.44,7.868889626e-01,2.272827558e-02,7.920908332e-01,1.713887234e-02
0.50,7.945881679e-01,2.328591328e-02,7.993742654e-01,1.735228805e-02