x,yOn,mOn,yOff,mOff
0.00,0.000000000e+00,0.000000000e+00,1.896540030e-01,3.750747745e-02
0.03,7.876042893e-01,1.807013854e-02,7.796856824e-01,1.896389916e-02
0.09,7.898573857e-01,1.940182075e-02,7.714320053e-01,2.039096383e-02
0.15,7.827998091e-01,2.045640880e-02,7.641166445e-01,2.181602658e-02
0.21,7.853102385e-01,2.016887316e-02,7.708719997e-01,2.182792043e-02
0.26,7.813651443e-01,2.049228745e-02,7.610797522e-01,2.183142142e-02
0.32,7.981743509e-01,1.869726536e-02,7.703820681e-01,2.168669708e-02
0.38,7.971663402e-01,1.909480527e-02,7.712735360e-01,2.144541730e-02
0.44,7.998278238e-01,1.882789830e-02,7.794659509e-01,2.086805334e-02
0.50,8.064073565e-01,1.955636009e-02,7.879715020e-01,2.076969173e-02