x,yOn,mOn,yOff,mOff
0.00,NaN,NaN,6.319005945e-01,4.870800201e-02
0.03,6.589685525e-01,2.311063072e-02,6.529358855e-01,2.264103361e-02
0.09,6.797558183e-01,2.363172632e-02,6.700699299e-01,2.314602487e-02
0.15,6.748112883e-01,2.373934507e-02,6.740683949e-01,2.262399265e-02
0.21,6.949509035e-01,2.352180028e-02,6.772669630e-01,2.253008267e-02
0.26,6.876787877e-01,2.397505147e-02,6.922582612e-01,2.142824808e-02
0.32,7.193627185e-01,2.304367647e-02,7.227827912e-01,2.016190965e-02
0.38,7.275471663e-01,2.392281747e-02,7.303081251e-01,2.081250623e-02
0.44,7.299583917e-01,2.420022279e-02,7.506722965e-01,1.962389987e-02
0.50,7.466463399e-01,2.519456656e-02,7.641170286e-01,1.931843782e-02