x,y1,y2,m1,m2
0.000,-1.043675272e+00,NaN,6.532304734e-02,NaN
0.029,-1.067397864e+00,-1.067606005e+00,2.516451469e-02,2.481263284e-02
0.088,-1.082205295e+00,-1.081194064e+00,2.659402425e-02,2.581959402e-02
0.147,-1.105941244e+00,-1.109762270e+00,2.860517750e-02,2.852432522e-02
0.206,-1.142301320e+00,-1.136423767e+00,3.021228234e-02,2.948972942e-02
0.265,-1.144442108e+00,-1.141629085e+00,3.099076943e-02,3.072931439e-02
0.324,-1.154657501e+00,-1.159448086e+00,3.215883509e-02,3.230868292e-02
0.382,-1.173911706e+00,-1.170676669e+00,3.481468437e-02,3.455229985e-02
0.441,-1.212211540e+00,-1.216174725e+00,3.760723027e-02,3.690466898e-02
0.500,-1.256554101e+00,-1.260038614e+00,4.063711791e-02,4.006485452e-02