x,yOn,mOn,yOff,mOff
0.00,NaN,NaN,-1.043675272e+00,6.532304734e-02
0.03,-1.064258377e+00,3.446528900e-02,-1.089140968e+00,3.889200854e-02
0.09,-1.103904141e+00,3.856584829e-02,-1.099887485e+00,4.008948819e-02
0.15,-1.130129700e+00,4.320183130e-02,-1.141937007e+00,4.467139241e-02
0.21,-1.170149874e+00,4.427858132e-02,-1.174622402e+00,4.516522741e-02
0.26,-1.172493224e+00,4.799126768e-02,-1.201670641e+00,4.688988132e-02
0.32,-1.184748231e+00,5.020299942e-02,-1.253807241e+00,4.903581494e-02
0.38,-1.209271483e+00,5.436893691e-02,-1.278083535e+00,4.996298225e-02
0.44,-1.235199636e+00,5.795410606e-02,-1.329015173e+00,5.315725779e-02
0.50,-1.281398248e+00,6.257792076e-02,-1.399676622e+00,5.660325421e-02