x,y1,y2,y3,y4,m1,m2,m3,m4
0.000,-1.131488468e+00,NaN,NaN,NaN,7.983924608e-02,NaN,NaN,NaN
0.029,-1.190674954e+00,-1.172538851e+00,-1.157477830e+00,-1.156779008e+00,4.360221477e-02,4.062186786e-02,4.022036322e-02,4.024464318e-02
0.088,-1.225672728e+00,-1.203678837e+00,-1.160274637e+00,-1.160536552e+00,4.514565660e-02,4.174435484e-02,4.045523793e-02,4.046333295e-02
0.147,-1.268018952e+00,-1.247829308e+00,-1.182811198e+00,-1.182191839e+00,5.096415913e-02,4.361563484e-02,4.262909564e-02,4.263077656e-02
0.206,-1.318264690e+00,-1.295926023e+00,-1.192620068e+00,-1.192704765e+00,4.927612184e-02,4.589159343e-02,4.334732196e-02,4.334126147e-02
0.265,-1.348911109e+00,-1.303148496e+00,-1.184084713e+00,-1.184299521e+00,5.337420407e-02,4.806066816e-02,4.149620732e-02,4.150488231e-02
0.324,-1.379711604e+00,-1.328595302e+00,-1.177209851e+00,-1.177598355e+00,5.901753867e-02,5.008776468e-02,4.179293537e-02,4.179414752e-02
0.382,-1.403755824e+00,-1.329022949e+00,-1.189601415e+00,-1.190051537e+00,6.254461216e-02,5.224083782e-02,4.686924635e-02,4.690150034e-02
0.441,-1.424192803e+00,-1.370162367e+00,-1.234992837e+00,-1.234878087e+00,6.322433407e-02,5.688418175e-02,4.977082919e-02,4.979515336e-02
0.500,-1.468926040e+00,-1.406836254e+00,-1.231158643e+00,-1.231423131e+00,6.754218633e-02,5.929360554e-02,4.968433493e-02,4.951260580e-02