x,yOn,mOn,yOff,mOff
0.00,NaN,NaN,-1.152543392e+00,7.713632319e-02
0.03,-1.184068970e+00,4.047489117e-02,-1.192114093e+00,4.354965333e-02
0.05,-1.195432353e+00,4.140287012e-02,-1.187636933e+00,4.005538388e-02
0.10,-1.249609669e+00,4.417029004e-02,-1.230447738e+00,4.270360375e-02
0.15,-1.277239592e+00,4.537303274e-02,-1.267632506e+00,4.354231152e-02
0.20,-1.324946970e+00,4.722535974e-02,-1.357874699e+00,4.966562280e-02
0.25,-1.324256400e+00,4.641793498e-02,-1.374024945e+00,4.967680456e-02
0.30,-1.375416850e+00,5.012692473e-02,-1.419174378e+00,5.153481855e-02
0.35,-1.419955677e+00,5.180339681e-02,-1.426516659e+00,5.237464050e-02
0.40,-1.455086194e+00,5.359284035e-02,-1.462148908e+00,5.520829928e-02
0.45,-1.457399789e+00,5.516306168e-02,-1.472018916e+00,5.352084247e-02
0.50,-1.481865213e+00,5.659797312e-02,-1.512672207e+00,5.740525436e-02