x,y1,y2,m1,m2
0.000,-1.068251378e+00,NaN,6.841776155e-02,NaN
0.025,-1.079470894e+00,-1.079084813e+00,2.454510099e-02,2.421210064e-02
0.050,-1.082121109e+00,-1.080908892e+00,2.492036950e-02,2.524128363e-02
0.100,-1.116482149e+00,-1.122512971e+00,2.953010931e-02,2.980583954e-02
0.150,-1.134092381e+00,-1.124013974e+00,2.966239654e-02,2.932855885e-02
0.200,-1.165377420e+00,-1.163372607e+00,3.131871700e-02,3.349529877e-02
0.250,-1.176221193e+00,-1.176429286e+00,3.023378105e-02,3.291724415e-02
0.300,-1.210375043e+00,-1.229196482e+00,3.226710625e-02,3.735897908e-02
0.350,-1.238568673e+00,-1.237954509e+00,3.374920016e-02,3.816241361e-02
0.400,-1.255062852e+00,-1.262531757e+00,3.425068192e-02,4.062425633e-02
0.450,-1.282535208e+00,-1.288076765e+00,3.559434160e-02,4.264138760e-02
0.500,-1.348554313e+00,-1.313847500e+00,4.235321013e-02,4.547338196e-02