x,y1,y2,m1,m2
0.000,9.417055279e-02,0.000000000e+00,1.993557298e-02,0.000000000e+00
0.029,7.844975097e-01,7.894642182e-01,1.307939123e-02,1.292557486e-02
0.088,7.852787033e-01,7.929567213e-01,1.415161056e-02,1.372206332e-02
0.147,7.822014632e-01,7.891468698e-01,1.480054221e-02,1.479479725e-02
0.206,7.837926783e-01,7.973283860e-01,1.407881928e-02,1.439561760e-02
0.265,7.791426207e-01,7.866280585e-01,1.407170030e-02,1.568204445e-02
0.324,7.865757982e-01,7.954173178e-01,1.378769069e-02,1.574844861e-02
0.382,7.904871933e-01,7.959293483e-01,1.459894048e-02,1.619640350e-02
0.441,8.029042678e-01,7.950772129e-01,1.360322853e-02,1.632462379e-02
0.500,8.092302545e-01,8.132046563e-01,1.387223007e-02,1.632809894e-02