x,y1,y2,y3,y4,m1,m2,m3,m4
0.000,2.605242531e-03,-1.896540030e-01,-1.896540030e-01,-1.896540030e-01,8.246141096e-03,3.481000821e-02,3.481000821e-02,3.481000821e-02
0.029,2.391627844e-02,7.489830748e-03,1.007684780e-02,1.469919621e-03,2.630228378e-02,8.925653774e-03,8.064338046e-03,8.182800123e-03
0.088,6.597169199e-02,1.761018437e-02,1.378907408e-02,-9.964402188e-04,2.716278713e-02,1.172724678e-02,1.182340018e-02,1.168552794e-02
0.147,6.447676314e-02,1.721922174e-02,1.932963698e-02,-2.790920789e-03,2.670530895e-02,1.300849956e-02,1.458619354e-02,1.205868704e-02
0.206,5.665116997e-02,1.755559793e-02,2.696074684e-02,-6.239518761e-03,2.418929079e-02,1.643010760e-02,1.797130738e-02,1.262658731e-02
0.265,6.920807051e-02,2.568995274e-02,1.364588601e-02,1.792129941e-03,2.490937117e-02,1.734771819e-02,1.984089169e-02,1.208949257e-02
0.324,6.135978089e-02,3.263768376e-02,1.080441475e-02,8.076844529e-03,2.264531158e-02,1.707267443e-02,2.004067913e-02,1.205775677e-02
0.382,5.704820572e-02,2.777712103e-02,1.108944825e-02,9.007696433e-03,2.254574796e-02,1.798726204e-02,2.036386021e-02,1.149062003e-02
0.441,6.931040673e-02,2.137407539e-02,4.383639300e-04,2.910951583e-03,2.195438024e-02,1.710777086e-02,2.137369723e-02,1.129650739e-02
0.500,7.613460219e-02,2.010518908e-02,9.850305456e-04,6.409580564e-03,2.160545855e-02,1.754306497e-02,2.116794749e-02,1.089299117e-02