x,y1,y2,m1,m2
0.000,-1.131488468e+00,NaN,7.466744259e-02,NaN
0.029,-1.169457679e+00,-1.169356791e+00,2.742891996e-02,2.715147665e-02
0.088,-1.188870863e+00,-1.186477641e+00,2.813546363e-02,2.764890739e-02
0.147,-1.221048801e+00,-1.220624153e+00,3.008567643e-02,2.997926154e-02
0.206,-1.255390040e+00,-1.246328845e+00,3.074546603e-02,3.028551610e-02
0.265,-1.258606507e+00,-1.255192775e+00,3.142420571e-02,3.134560301e-02
0.324,-1.265885498e+00,-1.272346813e+00,3.310709510e-02,3.358089153e-02
0.382,-1.282083506e+00,-1.281084960e+00,3.593278249e-02,3.570188147e-02
0.441,-1.322056621e+00,-1.323572971e+00,3.836300084e-02,3.731811754e-02
0.500,-1.346654960e+00,-1.345236685e+00,4.001294760e-02,3.986128365e-02