x,y1,y2,y3,y4,m1,m2,m3,m4
0.000,-1.068251378e+00,NaN,NaN,NaN,7.300670011e-02,NaN,NaN,NaN
0.025,-1.091940345e+00,-1.083846790e+00,-1.071817828e+00,-1.069580608e+00,4.116113019e-02,3.732150445e-02,3.436985716e-02,3.379637295e-02
0.050,-1.086751860e+00,-1.102657298e+00,-1.068848813e+00,-1.067720848e+00,3.992271851e-02,4.040406232e-02,3.538022884e-02,3.510149939e-02
0.100,-1.119125776e+00,-1.158149069e+00,-1.099288578e+00,-1.100575082e+00,4.497594335e-02,4.853171663e-02,4.223149423e-02,4.243687092e-02
0.150,-1.157572922e+00,-1.186706967e+00,-1.085375121e+00,-1.085352926e+00,4.810254560e-02,4.942807599e-02,3.888744732e-02,3.888408576e-02
0.200,-1.244434242e+00,-1.227299207e+00,-1.088927318e+00,-1.088831986e+00,5.594744196e-02,5.165143502e-02,4.054826816e-02,4.054884990e-02
0.250,-1.267192707e+00,-1.233503886e+00,-1.093235990e+00,-1.094398238e+00,5.255757980e-02,4.852159057e-02,4.096594555e-02,4.099422587e-02
0.300,-1.317474031e+00,-1.292839792e+00,-1.120943385e+00,-1.121221072e+00,5.566164540e-02,5.417559154e-02,4.555882872e-02,4.553310898e-02
0.350,-1.331064368e+00,-1.335134718e+00,-1.124768972e+00,-1.124594381e+00,5.666637774e-02,5.634546921e-02,4.578355497e-02,4.582844846e-02
0.400,-1.366377590e+00,-1.369047508e+00,-1.126587009e+00,-1.127246133e+00,5.785712706e-02,5.841367917e-02,4.761259129e-02,4.754006777e-02
0.450,-1.389401445e+00,-1.392029165e+00,-1.151676407e+00,-1.151265195e+00,5.785710205e-02,5.981470734e-02,5.248265255e-02,5.251632023e-02
0.500,-1.440056889e+00,-1.433631101e+00,-1.183850763e+00,-1.183723111e+00,6.182309719e-02,6.170318983e-02,6.593998988e-02,6.571532549e-02