x,y1,y2,y3,y4,m1,m2,m3,m4
0.000,1.188583670e-01,NaN,NaN,NaN,7.190157854e-02,NaN,NaN,NaN
0.025,1.150923866e-01,5.410647915e-03,9.079164375e-03,3.794372608e-04,2.581251142e-02,8.542921287e-03,8.533443065e-03,6.784957209e-03
0.050,1.168783382e-01,4.576303457e-03,1.150196331e-02,-5.761538907e-03,2.831016528e-02,1.424171996e-02,1.260215763e-02,1.019377357e-02
0.100,1.119263149e-01,6.900006780e-03,1.930452298e-02,-1.286568827e-02,2.645867767e-02,1.588352350e-02,1.431395734e-02,1.233898864e-02
0.150,1.097541761e-01,2.358248911e-02,1.121857605e-02,-1.333072489e-02,2.576439130e-02,1.607120321e-02,1.427848607e-02,1.200659445e-02
0.200,1.202580326e-01,1.509546563e-02,1.855942569e-02,-4.122809254e-03,2.660861262e-02,1.727427674e-02,1.683318997e-02,1.152351898e-02
0.250,1.169404739e-01,7.080820392e-03,2.103811816e-02,1.066406390e-03,2.549229603e-02,1.483364959e-02,1.733519523e-02,1.048491256e-02
0.300,1.087316228e-01,1.342465638e-02,2.001802440e-02,3.964855893e-03,2.438128893e-02,1.600150574e-02,1.855945261e-02,9.676395070e-03
0.350,9.857288110e-02,1.258531650e-02,2.517701433e-02,-2.697898829e-03,2.374822662e-02,1.617930172e-02,1.893774495e-02,1.138521245e-02
0.400,9.624183834e-02,6.159887025e-03,-4.682220954e-04,3.008200266e-04,2.413574566e-02,1.709309902e-02,2.051489905e-02,1.151497108e-02
0.450,8.993192402e-02,1.905319507e-02,1.467860870e-02,-3.057563128e-03,2.460400573e-02,1.757035695e-02,2.035274917e-02,1.182084044e-02
0.500,7.666092242e-02,1.641740025e-02,4.256285909e-03,-7.029880603e-03,2.440620907e-02,1.644685545e-02,2.039895634e-02,1.096409917e-02