x,y1,y2,y3,y4,m1,m2,m3,m4
0.000,-1.616701378e-01,NaN,NaN,NaN,1.141289534e-01,NaN,NaN,NaN
0.029,-1.070014470e-01,1.289124105e-02,1.546553673e-02,1.574518470e-04,3.846309924e-02,1.142595462e-02,1.265450590e-02,7.063130684e-03
0.088,-8.480573317e-02,2.066896827e-02,-1.631647981e-02,-2.531094482e-03,3.853205618e-02,2.194432737e-02,2.403290419e-02,1.676175779e-02
0.147,-8.870914228e-02,2.674127442e-02,9.673389569e-05,-3.583893709e-03,4.165167991e-02,2.705298290e-02,3.016573278e-02,1.739569011e-02
0.206,-6.139356125e-02,2.248198262e-02,-3.776107828e-03,1.657956034e-02,4.409607979e-02,2.875744991e-02,3.583024089e-02,1.895871405e-02
0.265,-2.999758439e-02,4.923283601e-02,1.443112532e-02,1.116249566e-02,5.047680777e-02,3.628572590e-02,4.596306279e-02,2.042430984e-02
0.324,2.755871141e-02,4.791200424e-02,5.982749894e-02,2.876559603e-04,5.350592395e-02,3.827682459e-02,4.846659441e-02,2.353126870e-02
0.382,5.757114682e-02,7.743209114e-02,8.068345825e-02,1.159193262e-02,5.767000446e-02,4.332846335e-02,4.812468493e-02,2.126055719e-02
0.441,6.884211405e-02,7.526398839e-02,9.000275454e-02,-1.960013077e-03,6.400867927e-02,4.643651841e-02,5.773226669e-02,2.527990972e-02
0.500,5.928554617e-02,7.505278571e-02,9.985592987e-02,1.095395786e-02,6.838855377e-02,5.265854494e-02,6.355394912e-02,2.750516284e-02