x,yOn,mOn,yOff,mOff
0.00,6.908250478e-01,6.504657824e-02,5.737933371e-01,7.160584120e-02
0.03,7.041653608e-01,2.147309152e-02,5.920855211e-01,2.552074749e-02
0.05,7.263741322e-01,2.088119045e-02,6.054047116e-01,2.541223115e-02
0.10,7.464426310e-01,2.061531990e-02,6.280838636e-01,2.493265003e-02
0.15,7.597416353e-01,2.030593892e-02,6.477344221e-01,2.401054541e-02
0.20,7.770063528e-01,2.016663098e-02,6.528880175e-01,2.415480595e-02
0.25,7.853637553e-01,2.015974462e-02,6.599021991e-01,2.370074591e-02
0.30,8.019530139e-01,1.982403664e-02,6.859220404e-01,2.314953617e-02
0.35,8.054952883e-01,1.939744504e-02,6.999533094e-01,2.341591901e-02
0.40,8.149400589e-01,1.943103299e-02,7.129628471e-01,2.267808982e-02
0.45,8.285502898e-01,1.907769195e-02,7.324645135e-01,2.259297168e-02
0.50,8.376805168e-01,1.811604689e-02,7.504461784e-01,2.237315797e-02