x,yOn,mOn,yOff,mOff
0.00,NaN,NaN,-1.131488468e+00,7.466744259e-02
0.03,-1.170516204e+00,3.764817903e-02,-1.192578821e+00,4.098565298e-02
0.09,-1.218207713e+00,3.991912866e-02,-1.211339118e+00,4.134036851e-02
0.15,-1.251156440e+00,4.309082020e-02,-1.264432607e+00,4.537843913e-02
0.21,-1.302014886e+00,4.369857655e-02,-1.311781689e+00,4.517315460e-02
0.26,-1.313546996e+00,4.820061727e-02,-1.337741469e+00,4.673071695e-02
0.32,-1.317235875e+00,5.145619059e-02,-1.387552133e+00,5.053059800e-02
0.38,-1.317869655e+00,5.543913470e-02,-1.409217525e+00,5.190896572e-02
0.44,-1.340754481e+00,5.811942198e-02,-1.448471790e+00,5.392987516e-02
0.50,-1.368770036e+00,6.144389842e-02,-1.498228127e+00,5.686344905e-02