x,y1,y2,m1,m2
0.000,-1.152543392e+00,NaN,7.713632319e-02,NaN
0.025,-1.178363478e+00,-1.176425783e+00,2.819568110e-02,2.787207503e-02
0.050,-1.181298412e+00,-1.175915213e+00,2.772768055e-02,2.787677551e-02
0.100,-1.222771281e+00,-1.228043131e+00,2.968914709e-02,3.010430024e-02
0.150,-1.237187741e+00,-1.219307001e+00,3.061291483e-02,2.920370830e-02
0.200,-1.274812355e+00,-1.254526377e+00,3.210733829e-02,3.323576919e-02
0.250,-1.276532563e+00,-1.264476608e+00,3.168157011e-02,3.418433725e-02
0.300,-1.304507479e+00,-1.316979538e+00,3.258858006e-02,3.752377075e-02
0.350,-1.325125086e+00,-1.314849318e+00,3.388532288e-02,3.802221730e-02
0.400,-1.344825716e+00,-1.353723517e+00,3.479474933e-02,4.081406912e-02
0.450,-1.362936379e+00,-1.360599279e+00,3.602593887e-02,4.228220277e-02
0.500,-1.420090592e+00,-1.377660005e+00,4.120230341e-02,4.462359072e-02