x,yOn,mOn,yOff,mOff
0.00,-1.132493049e+00,1.066503791e-01,-9.539126257e-01,6.742358195e-02
0.03,-1.164185588e+00,3.916200196e-02,-9.869103759e-01,3.153477414e-02
0.09,-1.179504396e+00,3.907304635e-02,-1.023296006e+00,3.805756472e-02
0.15,-1.206902261e+00,4.392845435e-02,-1.065236998e+00,4.302113305e-02
0.21,-1.271005686e+00,4.557405900e-02,-1.074105567e+00,4.151753567e-02
0.26,-1.275529869e+00,4.748701716e-02,-1.103147802e+00,4.592642221e-02
0.32,-1.268105770e+00,4.803300106e-02,-1.177678973e+00,5.107515320e-02
0.38,-1.274144069e+00,4.933270958e-02,-1.219818150e+00,5.455006466e-02
0.44,-1.316866150e+00,5.541496626e-02,-1.254902110e+00,5.614733531e-02
0.50,-1.360980320e+00,5.678726263e-02,-1.330356833e+00,6.226023718e-02