x,yOn,mOn,yOff,mOff
0.00,NaN,NaN,6.320060015e-01,4.938756282e-02
0.03,6.494925643e-01,2.438966562e-02,6.450129029e-01,2.440014714e-02
0.05,6.664753195e-01,2.441013967e-02,6.627552578e-01,2.409196852e-02
0.10,6.901143207e-01,2.401790920e-02,6.838302753e-01,2.350670518e-02
0.15,7.164997200e-01,2.286644811e-02,6.898010801e-01,2.319674088e-02
0.20,7.218367597e-01,2.362417111e-02,7.072441889e-01,2.292993283e-02
0.25,7.253248104e-01,2.335009215e-02,7.200642653e-01,2.275638049e-02
0.30,7.487856742e-01,2.295723958e-02,7.383305678e-01,2.201550895e-02
0.35,7.586775882e-01,2.245581022e-02,7.461471845e-01,2.207881583e-02
0.40,7.668446731e-01,2.185076337e-02,7.596915573e-01,2.194952840e-02
0.45,7.895072279e-01,2.143873423e-02,7.697150951e-01,2.181213586e-02
0.50,8.028499983e-01,2.076568580e-02,7.841276279e-01,2.115873655e-02