x,y1,y2,m1,m2
0.000,9.315399343e-02,0.000000000e+00,1.998722056e-02,0.000000000e+00
0.025,7.705375567e-01,7.704873854e-01,1.423727522e-02,1.424631715e-02
0.050,7.789482148e-01,7.781103898e-01,1.367766516e-02,1.366493264e-02
0.100,7.804235956e-01,7.796367336e-01,1.459787470e-02,1.453894922e-02
0.150,7.820841530e-01,7.794497837e-01,1.493032840e-02,1.509029302e-02
0.200,7.830346901e-01,7.814212730e-01,1.576582689e-02,1.578492256e-02
0.250,7.799016505e-01,7.819973467e-01,1.555759764e-02,1.574973234e-02
0.300,7.878357325e-01,7.861515825e-01,1.524387615e-02,1.564151028e-02
0.350,7.891487674e-01,7.911438015e-01,1.586869217e-02,1.574190648e-02
0.400,7.954686106e-01,7.951403632e-01,1.637625304e-02,1.613942756e-02
0.450,8.059181456e-01,8.054424047e-01,1.630621279e-02,1.604224963e-02
0.500,8.072840475e-01,8.088467295e-01,1.716380824e-02,1.678164312e-02