x,yOn,mOn,yOff,mOff
0.00,0.000000000e+00,0.000000000e+00,6.431117448e-02,2.603636818e-02
0.03,7.758504054e-01,8.761233855e-02,7.625240172e-01,9.108559245e-02
0.05,7.427473548e-01,1.414474927e-01,7.127257355e-01,1.441256620e-01
0.10,6.277530103e-01,3.082921170e-01,7.241726051e-01,2.589867524e-01
0.15,6.291338280e-01,2.310276042e-01,6.929284943e-01,1.712019559e-01
0.20,6.628904557e-01,2.203906293e-01,6.871211420e-01,1.638166695e-01
0.25,6.200341376e-01,2.282531435e-01,5.887774756e-01,2.001811907e-01
0.30,7.146678211e-01,1.375222221e-01,7.001883538e-01,1.671173318e-01
0.35,6.874201737e-01,1.620504487e-01,7.352219569e-01,1.782282327e-01
0.40,6.391396368e-01,1.606195943e-01,6.383517130e-01,2.323945125e-01
0.45,7.442033544e-01,1.486049304e-01,7.368321056e-01,1.571474950e-01
0.50,7.348032409e-01,1.019747709e-01,7.343990785e-01,1.047698156e-01