x,yOn,mOn,yOff,mOff
0.00,9.643139249e-02,2.865176538e-02,9.190686569e-02,2.774139772e-02
0.03,7.995592873e-01,1.688653282e-02,7.672792029e-01,1.989405341e-02
0.09,8.172264420e-01,1.716908240e-02,7.434991324e-01,2.157496831e-02
0.15,8.097702966e-01,1.882906025e-02,7.371603590e-01,2.248960860e-02
0.21,8.095644887e-01,1.925571034e-02,7.468632140e-01,2.200300121e-02
0.26,8.103966300e-01,1.875557294e-02,7.338917961e-01,2.233066671e-02
0.32,8.206424552e-01,1.820284681e-02,7.510991956e-01,2.113064017e-02
0.38,8.191536509e-01,1.830500852e-02,7.533812457e-01,2.109391197e-02
0.44,8.314950114e-01,1.835029904e-02,7.515470450e-01,2.008621772e-02
0.50,8.462922642e-01,1.840009915e-02,7.540360252e-01,2.013598249e-02