x,y1,y2,m1,m2
0.000,4.567955340e-02,4.727071726e-02,1.432348458e-02,1.477919301e-02
0.025,7.526728933e-01,7.888941035e-01,1.495189040e-02,1.328679865e-02
0.050,7.537606277e-01,8.043306991e-01,1.457875058e-02,1.227080047e-02
0.100,7.438917387e-01,8.165290356e-01,1.587182819e-02,1.244991983e-02
0.150,7.395920482e-01,8.228810659e-01,1.608540899e-02,1.295539412e-02
0.200,7.246307510e-01,8.396674360e-01,1.733835316e-02,1.241118715e-02
0.250,7.326106241e-01,8.282389987e-01,1.674158155e-02,1.345858799e-02
0.300,7.335375385e-01,8.393013346e-01,1.636546795e-02,1.313533952e-02
0.350,7.411766806e-01,8.378549901e-01,1.671070421e-02,1.377473529e-02
0.400,7.414131217e-01,8.482201952e-01,1.723721977e-02,1.385970713e-02
0.450,7.421611667e-01,8.673602748e-01,1.783804417e-02,1.227413781e-02
0.500,7.460594415e-01,8.667960521e-01,1.889925077e-02,1.304753014e-02