x,yOn,mOn,yOff,mOff
0.00,NaN,NaN,-1.152543392e+00,7.713632319e-02
0.03,-1.188987083e+00,4.166455198e-02,-1.187208770e+00,4.226106756e-02
0.05,-1.190218964e+00,4.044307987e-02,-1.192860565e+00,4.090980446e-02
0.10,-1.240039072e+00,4.430450335e-02,-1.240131780e+00,4.245733192e-02
0.15,-1.270050458e+00,4.461346189e-02,-1.274878706e+00,4.420762768e-02
0.20,-1.337685554e+00,4.920372104e-02,-1.345170267e+00,4.758324589e-02
0.25,-1.346068882e+00,4.846889317e-02,-1.352584504e+00,4.768806518e-02
0.30,-1.388930494e+00,5.079248165e-02,-1.405733880e+00,5.081034518e-02
0.35,-1.424503155e+00,5.280034787e-02,-1.421952855e+00,5.119868974e-02
0.40,-1.457772591e+00,5.477474373e-02,-1.459516402e+00,5.384777100e-02
0.45,-1.461020158e+00,5.425527106e-02,-1.468527917e+00,5.425418221e-02
0.50,-1.495227425e+00,5.673584976e-02,-1.499481426e+00,5.715012784e-02