x,yOn,mOn,yOff,mOff
0.00,2.151622092e+01,6.046506068e+00,7.027875236e+00,8.536684856e-01
0.03,2.064097906e+01,1.473934128e+00,6.889132195e+00,2.122524981e-01
0.05,1.953956478e+01,1.434443340e+00,6.671867080e+00,2.113712129e-01
0.10,1.651049077e+01,1.084139430e+00,6.301515064e+00,2.232180933e-01
0.15,1.603056177e+01,1.217856665e+00,6.202664898e+00,2.339165052e-01
0.20,1.513078402e+01,1.284701696e+00,5.897516176e+00,2.286876179e-01
0.25,1.461616968e+01,1.264710888e+00,5.676573378e+00,2.263562601e-01
0.30,1.270238561e+01,1.191744247e+00,5.376096827e+00,2.415719378e-01
0.35,1.209493513e+01,1.167977088e+00,5.303221405e+00,2.453083017e-01
0.40,1.107174169e+01,1.053635915e+00,5.081981025e+00,2.529753478e-01
0.45,9.862885218e+00,9.541604051e-01,4.778882445e+00,2.447541969e-01
0.50,9.163423421e+00,9.616418535e-01,4.471466878e+00,2.372684345e-01