x,y1,y2,y3,y4,m1,m2,m3,m4
0.000,3.158145872e+00,NaN,NaN,NaN,3.637130629e-01,NaN,NaN,NaN
0.029,3.244335161e+00,3.238731997e+00,3.174209492e+00,3.177649093e+00,1.783752350e-01,1.769753655e-01,1.794702381e-01,1.796947266e-01
0.088,3.240143418e+00,3.312132639e+00,3.271183900e+00,3.271633917e+00,1.888251414e-01,1.825057580e-01,1.800480024e-01,1.799947428e-01
0.147,3.200453985e+00,3.287476610e+00,3.303485662e+00,3.302325101e+00,2.002149718e-01,1.901173055e-01,1.835072749e-01,1.835545755e-01
0.206,3.184824670e+00,3.336992059e+00,3.336664059e+00,3.336460357e+00,2.087051693e-01,1.995446596e-01,1.880291102e-01,1.880181815e-01
0.265,3.010786216e+00,3.116680940e+00,3.355603453e+00,3.356069902e+00,2.215672593e-01,2.163749643e-01,1.881633675e-01,1.881018876e-01
0.324,2.864819179e+00,2.956528994e+00,3.529504133e+00,3.529490924e+00,2.299264905e-01,2.288131356e-01,1.784475222e-01,1.784545889e-01
0.382,2.791396439e+00,2.874038636e+00,3.546395864e+00,3.545421452e+00,2.360941770e-01,2.340071246e-01,1.805347408e-01,1.805435683e-01
0.441,2.586894918e+00,2.760746563e+00,3.716769360e+00,3.717444140e+00,2.400456392e-01,2.390921048e-01,1.777844895e-01,1.777498632e-01
0.500,2.489207554e+00,2.684257786e+00,3.937600500e+00,3.937791827e+00,2.426366966e-01,2.443928311e-01,1.662557836e-01,1.662102670e-01