x,yOn,mOn,yOff,mOff
0.00,NaN,NaN,1.427204808e+01,3.404943095e+00
0.03,1.320221372e+01,1.594028607e+00,1.316811067e+01,1.645237750e+00
0.05,1.234860521e+01,1.524877933e+00,1.240790412e+01,1.585873225e+00
0.10,1.030379252e+01,1.145406418e+00,1.035854536e+01,1.201258414e+00
0.15,9.260480259e+00,9.887843707e-01,9.578310540e+00,1.205415311e+00
0.20,8.064897317e+00,9.311065340e-01,8.298811216e+00,1.055598756e+00
0.25,7.473087418e+00,8.723472988e-01,7.740166820e+00,1.065635791e+00
0.30,6.901126160e+00,1.059583557e+00,6.732842618e+00,9.776260384e-01
0.35,6.674205314e+00,9.589705564e-01,6.910222566e+00,1.240216568e+00
0.40,5.815629951e+00,7.681995428e-01,5.835542053e+00,8.594655795e-01
0.45,5.086637727e+00,6.627878907e-01,5.360225105e+00,8.933097176e-01
0.50,4.571351736e+00,6.400596612e-01,4.853455159e+00,9.189028385e-01