x,y1,y2,y3,y4,m1,m2,m3,m4
0.000,0.000000000e+00,NaN,NaN,NaN,0.000000000e+00,NaN,NaN,NaN
0.029,3.280591639e-02,1.457738101e-02,0.000000000e+00,0.000000000e+00,1.389270652e-02,6.699263019e-03,0.000000000e+00,0.000000000e+00
0.088,9.178735956e-02,3.895755697e-02,0.000000000e+00,0.000000000e+00,3.297538836e-02,1.163697158e-02,0.000000000e+00,0.000000000e+00
0.147,1.299897923e-01,6.372729868e-02,0.000000000e+00,0.000000000e+00,4.884508982e-02,2.502214669e-02,0.000000000e+00,0.000000000e+00
0.206,1.462639343e-01,6.574726367e-02,0.000000000e+00,0.000000000e+00,4.663653477e-02,1.822172988e-02,0.000000000e+00,0.000000000e+00
0.265,2.142246327e-01,8.087560961e-02,0.000000000e+00,0.000000000e+00,6.705948474e-02,2.718945540e-02,0.000000000e+00,0.000000000e+00
0.324,3.375699723e-01,1.477782182e-01,8.654908510e-12,0.000000000e+00,1.093205922e-01,5.740914753e-02,1.621917502e-11,0.000000000e+00
0.382,3.626899374e-01,1.780990804e-01,1.913398830e-08,3.400876480e-09,1.175209494e-01,7.700661907e-02,6.135626162e-08,1.091072619e-08
0.441,3.582213167e-01,1.843160111e-01,8.198870168e-12,0.000000000e+00,1.119709955e-01,7.872144114e-02,1.794903362e-11,0.000000000e+00
0.500,4.177382083e-01,1.980453792e-01,8.203573478e-12,0.000000000e+00,1.229400437e-01,8.160124726e-02,1.787795695e-11,0.000000000e+00