x,yOn,mOn,yOff,mOff
0.00,NaN,NaN,1.257672449e+01,2.629313330e+00
0.03,1.229629236e+01,1.303775500e+00,1.214056873e+01,1.318321344e+00
0.09,1.109281487e+01,1.245895834e+00,1.077139790e+01,1.256579456e+00
0.15,1.021049759e+01,1.220309420e+00,9.684856887e+00,1.227296290e+00
0.21,9.328965878e+00,1.209530989e+00,8.749236394e+00,1.210552311e+00
0.26,8.506374735e+00,1.240962176e+00,8.123624896e+00,1.251260658e+00
0.32,7.034349644e+00,8.896453272e-01,6.463825774e+00,8.375339795e-01
0.38,6.451859964e+00,8.072271911e-01,6.009137739e+00,7.745375173e-01
0.44,5.949296123e+00,7.878194013e-01,5.603515137e+00,7.494973537e-01
0.50,5.093982963e+00,6.728727589e-01,4.815480183e+00,6.650144791e-01