x,y1,y2,m1,m2
0.000,3.158145872e+00,NaN,3.401851046e-01,NaN
0.029,3.217126874e+00,3.200335997e+00,1.191255318e-01,1.174730370e-01
0.088,3.279837436e+00,3.267709501e+00,1.221639310e-01,1.200005215e-01
0.147,3.268512808e+00,3.278357871e+00,1.272887833e-01,1.236251668e-01
0.206,3.301737614e+00,3.295732959e+00,1.316534732e-01,1.283558946e-01
0.265,3.216727761e+00,3.202842494e+00,1.370298106e-01,1.341403419e-01
0.324,3.221292317e+00,3.218879298e+00,1.396753049e-01,1.362929670e-01
0.382,3.184109296e+00,3.194516900e+00,1.427709985e-01,1.397679187e-01
0.441,3.189430525e+00,3.201496966e+00,1.463137344e-01,1.438270193e-01
0.500,3.247539073e+00,3.276889761e+00,1.485841111e-01,1.456164468e-01