x,y1,y2,y3,y4,m1,m2,m3,m4
0.000,1.045625304e+00,NaN,NaN,NaN,2.600610969e-01,NaN,NaN,NaN
0.029,9.791226941e-01,-5.603163740e-03,7.947964216e-02,-3.357308481e-02,9.635221750e-02,5.218591219e-02,4.992044254e-02,3.555882101e-02
0.088,8.922509914e-01,7.198922125e-02,1.752331610e-01,-2.416363801e-02,1.160912934e-01,8.406054098e-02,9.505204120e-02,5.205174430e-02
0.147,9.835774648e-01,8.702262430e-02,1.655793025e-01,1.963871925e-02,1.366295773e-01,9.929347122e-02,9.896458112e-02,6.951209185e-02
0.206,1.014675603e+00,1.521673882e-01,1.786141120e-01,-1.106919189e-02,1.449441794e-01,1.129667186e-01,1.077577319e-01,7.907350633e-02
0.265,9.990963779e-01,1.058947249e-01,2.697203246e-01,-2.735523265e-02,1.569685671e-01,1.230929351e-01,1.393113043e-01,6.955555284e-02
0.324,1.127117301e+00,9.170981424e-02,5.143807675e-01,-6.146755109e-03,1.694093597e-01,1.267940491e-01,1.595002511e-01,8.152391526e-02
0.382,1.134434863e+00,8.264219699e-02,5.351455991e-01,9.604740624e-03,1.746640890e-01,1.363725569e-01,1.588981216e-01,8.414504486e-02
0.441,1.212765345e+00,1.738516448e-01,5.591479262e-01,1.572703623e-02,1.831378893e-01,1.422686294e-01,1.607813719e-01,8.242987410e-02
0.500,1.219083839e+00,1.950502328e-01,7.042458763e-01,6.379198598e-02,1.923320187e-01,1.501056442e-01,1.741313134e-01,9.052576463e-02