x,yOn,mOn,yOff,mOff
0.00,NaN,NaN,9.418578616e+00,2.615113741e+00
0.03,9.050729578e+00,1.305487366e+00,8.855681055e+00,1.321608181e+00
0.09,7.768154502e+00,1.252783487e+00,7.413037294e+00,1.264619738e+00
0.15,6.862873749e+00,1.228703546e+00,6.350833040e+00,1.233195300e+00
0.21,5.971384692e+00,1.219337772e+00,5.372989653e+00,1.215292632e+00
0.26,5.311215228e+00,1.242488443e+00,4.896217004e+00,1.249839726e+00
0.32,3.891688264e+00,8.817818173e-01,3.299790791e+00,8.213061235e-01
0.38,3.354514407e+00,7.933237189e-01,2.900259203e+00,7.548050356e-01
0.44,2.998062737e+00,7.631831032e-01,2.664569715e+00,7.207093550e-01
0.50,2.175933336e+00,6.388603655e-01,1.944280882e+00,6.297602573e-01