x,y1,y2,y3,y4,m1,m2,m3,m4
0.000,1.176526950e+01,NaN,NaN,NaN,4.116781676e+00,NaN,NaN,NaN
0.029,1.156160550e+01,4.341900597e-03,2.387038711e-02,1.557236372e-01,1.456741778e+00,1.627999815e-01,2.527910618e-01,1.156767451e-01
0.088,9.931388607e+00,5.848268546e-02,1.558005202e-01,3.214169688e-01,1.427001948e+00,2.760592933e-01,3.357183152e-01,2.102816017e-01
0.147,8.721548177e+00,2.130849337e-02,1.250878154e-01,5.256407007e-01,1.417358129e+00,2.866727283e-01,3.995590206e-01,2.600824014e-01
0.206,7.685661136e+00,-1.358985426e-01,-5.858776686e-02,5.797294836e-01,1.428813179e+00,4.195943164e-01,5.191895968e-01,2.829971081e-01
0.265,7.437019121e+00,-1.769864353e-01,-1.698672278e-01,3.827498381e-01,1.484596593e+00,5.356041333e-01,7.170275383e-01,2.291550389e-01
0.324,5.785674500e+00,-3.408326020e-01,3.334154197e-01,5.705238696e-01,1.004974615e+00,5.912596550e-01,7.756920637e-01,3.179861239e-01
0.382,5.333308448e+00,2.322653109e-02,9.179543238e-01,4.427222249e-01,9.322514550e-01,5.358746341e-01,7.528360335e-01,3.691736530e-01
0.441,4.968195847e+00,-1.392879374e-01,9.460981168e-01,3.457809862e-01,8.982258266e-01,4.902157518e-01,6.579845484e-01,2.951559936e-01
0.500,3.802301955e+00,-1.173227180e-01,9.239317071e-01,2.785027801e-01,7.814126318e-01,4.365262014e-01,5.426566969e-01,2.426997059e-01