x,y1,y2,y3,y4,m1,m2,m3,m4
0.000,0.000000000e+00,NaN,NaN,NaN,0.000000000e+00,NaN,NaN,NaN
0.029,1.640131930e-02,-1.822853539e-02,-1.304927931e-02,-5.751800969e-03,1.080620120e-02,7.533842713e-03,1.139357566e-02,2.320976396e-03
0.088,5.873757362e-02,-5.282980258e-02,-1.724136664e-02,-9.536600663e-03,2.608757707e-02,2.051034526e-02,1.880424320e-02,5.468704718e-03
0.147,8.287645117e-02,-6.626249365e-02,-6.030853257e-02,-6.038727900e-03,4.237213864e-02,2.452832720e-02,4.227755229e-02,1.129450447e-02
0.206,6.812185780e-02,-8.051667059e-02,-7.340999444e-02,-7.596363078e-03,3.845971961e-02,3.252248916e-02,4.089716939e-02,8.147524757e-03
0.265,1.298558012e-01,-1.333490231e-01,-7.542002094e-02,-4.893153328e-03,5.794264657e-02,4.879540364e-02,5.150047626e-02,1.436889276e-02
0.324,2.606575139e-01,-1.897917541e-01,-2.163431842e-01,-1.522684893e-02,1.018342333e-01,5.645762254e-02,1.049029711e-01,1.756545523e-02
0.382,3.153004946e-01,-1.845908570e-01,-2.445594114e-01,-2.113772022e-02,1.165861839e-01,6.790190795e-02,1.190008737e-01,3.472100277e-02
0.441,3.206472959e-01,-1.739053056e-01,-2.095149217e-01,-3.439071780e-03,1.134891424e-01,7.641053445e-02,1.157225544e-01,2.526205173e-02
0.500,3.760668233e-01,-2.196928292e-01,-2.419705618e-01,-1.694165952e-02,1.224885344e-01,7.926696437e-02,1.249376800e-01,4.447398752e-02