x,yOn,mOn,yOff,mOff
0.00,NaN,NaN,1.427204808e+01,3.404943095e+00
0.03,1.313138194e+01,1.621008172e+00,1.323894245e+01,1.612849784e+00
0.05,1.226234928e+01,1.543913566e+00,1.249416005e+01,1.561852330e+00
0.10,1.066334633e+01,1.261398044e+00,9.998991552e+00,1.071169528e+00
0.15,9.963598316e+00,1.243418373e+00,8.875192483e+00,9.276004299e-01
0.20,8.855801313e+00,1.197992700e+00,7.507907221e+00,7.206350706e-01
0.25,8.276603083e+00,1.169527170e+00,6.936651156e+00,7.084282396e-01
0.30,6.993255897e+00,9.488060137e-01,6.640712881e+00,1.083818463e+00
0.35,6.891590513e+00,9.451662624e-01,6.692837367e+00,1.247758696e+00
0.40,6.284759158e+00,9.110079789e-01,5.366412845e+00,6.966921565e-01
0.45,5.884487137e+00,9.581631722e-01,4.562375695e+00,5.449543837e-01
0.50,5.653835153e+00,9.986666568e-01,3.770971741e+00,4.710608186e-01