x,yOn,mOn,yOff,mOff
0.00,NaN,NaN,0.000000000e+00,0.000000000e+00
0.03,1.457738101e-02,6.265851671e-03,3.280591639e-02,1.300984395e-02
0.09,3.895755697e-02,1.088411331e-02,9.178735956e-02,3.087984735e-02
0.15,6.372729868e-02,2.340332947e-02,1.299897923e-01,4.574105090e-02
0.21,6.574726367e-02,1.704286819e-02,1.462639343e-01,4.367284652e-02
0.26,8.087560961e-02,2.543042332e-02,2.142246327e-01,6.279794584e-02
0.32,1.477782182e-01,5.369504107e-02,3.375699723e-01,1.023734175e-01
0.38,1.780990804e-01,7.202464680e-02,3.626899374e-01,1.100526532e-01
0.44,1.843160111e-01,7.362852780e-02,3.582213167e-01,1.048553912e-01
0.50,1.980453792e-01,7.632202378e-02,4.177382083e-01,1.151273714e-01