x,yOn,mOn,yOff,mOff
0.00,NaN,NaN,0.000000000e+00,0.000000000e+00
0.03,1.716700904e-02,5.340000239e-03,3.021628836e-02,1.343504061e-02
0.09,5.675177494e-02,2.336908264e-02,7.399314159e-02,2.296924688e-02
0.15,6.670427922e-02,2.332648983e-02,1.270128118e-01,4.573671958e-02
0.21,6.930060175e-02,1.553145844e-02,1.427105962e-01,4.423695387e-02
0.26,1.098401107e-01,4.141073100e-02,1.852601316e-01,5.391839047e-02
0.32,1.345025031e-01,4.278326507e-02,3.508456874e-01,1.070114538e-01
0.38,1.481148032e-01,5.036792430e-02,3.926742146e-01,1.208998542e-01
0.44,1.665112030e-01,5.595481728e-02,3.760261247e-01,1.149077487e-01
0.50,1.869065129e-01,6.362296496e-02,4.288770747e-01,1.222709766e-01