x,y1,y2,y3,y4,m1,m2,m3,m4
0.000,1.071964419e+01,NaN,NaN,NaN,4.102618411e+00,NaN,NaN,NaN
0.029,1.056608149e+01,2.817359972e-02,-4.255997574e-02,1.950485230e-01,1.450653766e+00,1.660052365e-01,2.575092688e-01,1.224716980e-01
0.088,8.980400042e+00,3.932326680e-02,-2.191274189e-03,3.551172074e-01,1.420346305e+00,2.603851108e-01,3.282941678e-01,2.139206836e-01
0.147,7.655094261e+00,5.483627098e-04,1.981704550e-02,5.120407094e-01,1.416541382e+00,2.736073602e-01,3.838517317e-01,2.581583314e-01
0.206,6.602863675e+00,-2.075492602e-01,-1.637918844e-01,5.983950386e-01,1.427307278e+00,4.302588584e-01,5.252512358e-01,2.753463823e-01
0.265,6.308066942e+00,-1.495321371e-01,-3.641675314e-01,4.149982241e-01,1.494474564e+00,5.333840490e-01,7.263555753e-01,2.336582070e-01
0.324,4.397899685e+00,-2.427506621e-01,3.537783638e-02,5.918974736e-01,1.001439214e+00,5.874461533e-01,7.702335642e-01,3.330716758e-01
0.382,3.883573091e+00,1.251751911e-01,6.273681362e-01,4.542552045e-01,9.330796191e-01,5.292453276e-01,7.551339759e-01,3.727567845e-01
0.441,3.434783206e+00,-1.392342766e-01,5.964651124e-01,3.334930217e-01,8.954577762e-01,4.831217326e-01,6.556352903e-01,2.958469774e-01
0.500,2.207151293e+00,-9.268012161e-02,4.616563926e-01,2.316524537e-01,7.701836559e-01,4.226831611e-01,5.228208094e-01,2.292221800e-01