x,y1,y2,m1,m2
0.000,4.564396893e+00,1.782308705e+01,7.150657683e-01,6.264418832e+00
0.025,4.372793796e+00,1.691483641e+01,1.784627197e-01,1.520107391e+00
0.050,4.123521558e+00,1.576122564e+01,1.800575798e-01,1.478723722e+00
0.100,3.752911231e+00,1.264173755e+01,1.874709097e-01,1.108006612e+00
0.150,3.634716835e+00,1.213033062e+01,1.978493597e-01,1.241185597e+00
0.200,3.210825282e+00,1.117993908e+01,2.033200943e-01,1.315082479e+00
0.250,2.922563532e+00,1.063731675e+01,2.033109768e-01,1.291198247e+00
0.300,2.628730144e+00,8.667283581e+00,2.108532913e-01,1.212803717e+00
0.350,2.503123271e+00,8.000827806e+00,2.139157296e-01,1.190101578e+00
0.400,2.290104204e+00,6.933403123e+00,2.123285611e-01,1.075375392e+00
0.450,1.985099063e+00,5.657202644e+00,2.024851949e-01,9.728021621e-01
0.500,1.622432876e+00,5.030599330e+00,1.905655822e-01,9.771669566e-01