x,y1,y2,m1,m2
0.000,6.694089738e+00,1.845935924e+01,8.088556435e-01,4.598400732e+00
0.029,6.552179952e+00,1.805881436e+01,1.966745523e-01,1.152887637e+00
0.088,6.234857788e+00,1.640503568e+01,1.953125426e-01,1.140730571e+00
0.147,5.942450573e+00,1.515950359e+01,1.974966083e-01,1.129385023e+00
0.206,5.719881662e+00,1.409474390e+01,2.078272785e-01,1.146960203e+00
0.265,5.341281138e+00,1.343297938e+01,2.166668202e-01,1.164471059e+00
0.324,4.999585175e+00,1.166768330e+01,2.113233238e-01,8.252694601e-01
0.382,4.815137809e+00,1.119045679e+01,2.047174127e-01,8.125159444e-01
0.441,4.670741714e+00,1.003740479e+01,2.109106379e-01,7.520527564e-01
0.500,4.582879600e+00,8.716286777e+00,2.149398709e-01,6.694477758e-01