x,y1,y2,m1,m2
0.000,1.257672449e+01,NaN,2.629313330e+00,NaN
0.029,1.233359108e+01,1.227740323e+01,9.291454266e-01,9.303038622e-01
0.088,1.130561174e+01,1.133428173e+01,8.908427282e-01,9.080645998e-01
0.147,1.060045297e+01,1.050150120e+01,8.768543923e-01,8.789342381e-01
0.206,9.999587532e+00,9.815038028e+00,8.709759172e-01,8.855459891e-01
0.265,9.515431707e+00,9.258828809e+00,8.941403935e-01,8.799343309e-01
0.324,8.327276378e+00,8.339992094e+00,6.449971883e-01,6.541842291e-01
0.382,7.896051918e+00,8.109542680e+00,6.340368941e-01,6.385116436e-01
0.441,7.228604333e+00,7.479542166e+00,5.749833882e-01,5.951594161e-01
0.500,6.524727087e+00,6.774439290e+00,5.186833216e-01,5.180185847e-01