x,yOn,mOn,yOff,mOff
0.00,NaN,NaN,9.418578616e+00,2.615113741e+00
0.03,8.931925328e+00,1.324599308e+00,8.974485304e+00,1.302115534e+00
0.09,7.589500261e+00,1.293030203e+00,7.591691535e+00,1.222830358e+00
0.15,6.616761917e+00,1.263699209e+00,6.596944872e+00,1.197149351e+00
0.21,5.590291230e+00,1.248006049e+00,5.754083115e+00,1.185991319e+00
0.26,4.921632351e+00,1.246855631e+00,5.285799882e+00,1.245480018e+00
0.32,3.613428446e+00,8.856063880e-01,3.578050609e+00,8.183162435e-01
0.38,3.441070873e+00,8.532590751e-01,2.813702737e+00,6.839862194e-01
0.44,3.129548782e+00,8.113075035e-01,2.533083670e+00,6.637857175e-01
0.50,2.290935305e+00,6.752510006e-01,1.829278913e+00,5.889220764e-01