x,y1,y2,m1,m2
0.000,3.158145872e+00,NaN,3.401851046e-01,NaN
0.029,3.188649917e+00,3.228812954e+00,1.186783936e-01,1.178993745e-01
0.088,3.229297663e+00,3.318249274e+00,1.221759143e-01,1.198977234e-01
0.147,3.216726787e+00,3.330143892e+00,1.257098840e-01,1.250534602e-01
0.206,3.245849566e+00,3.351621007e+00,1.301558502e-01,1.297217885e-01
0.265,3.134790490e+00,3.284779765e+00,1.364227450e-01,1.345121782e-01
0.324,3.078109599e+00,3.362062016e+00,1.396279317e-01,1.355080760e-01
0.382,3.043158514e+00,3.335467682e+00,1.432942831e-01,1.383800068e-01
0.441,3.048035569e+00,3.342891922e+00,1.476568637e-01,1.416195859e-01
0.500,3.078437794e+00,3.445991039e+00,1.504833958e-01,1.423776055e-01