x,y1,y2,m1,m2
0.000,9.418578616e+00,NaN,2.615113741e+00,NaN
0.029,9.037356618e+00,9.132483174e+00,9.361113536e-01,9.247966579e-01
0.088,7.925535000e+00,8.101439074e+00,9.082597659e-01,8.988018073e-01
0.147,7.102869096e+00,7.355355845e+00,8.865867193e-01,8.788408528e-01
0.206,6.400976385e+00,6.710173003e+00,8.858825097e-01,8.817964465e-01
0.265,5.989635356e+00,6.217504783e+00,8.956467663e-01,8.865689852e-01
0.324,4.851959629e+00,5.132463133e+00,6.457726507e-01,6.570645762e-01
0.382,4.577657145e+00,4.778916736e+00,6.360841017e-01,6.394780079e-01
0.441,3.972399157e+00,4.073551188e+00,5.824188255e-01,5.846491232e-01
0.500,3.159753818e+00,3.307091932e+00,5.137515178e-01,5.134261068e-01