x,y1,y2,m1,m2
0.000,2.635333219e+00,3.680958524e+00,4.438422748e-01,4.768834628e-01
0.029,2.707405574e+00,3.710057298e+00,1.099069888e-01,1.154445975e-01
0.088,2.811486366e+00,3.736060570e+00,1.160598207e-01,1.171088673e-01
0.147,2.771322974e+00,3.775547705e+00,1.200490188e-01,1.204677683e-01
0.206,2.799855647e+00,3.797614926e+00,1.265919946e-01,1.236270485e-01
0.265,2.722935523e+00,3.696634733e+00,1.318206318e-01,1.306317887e-01
0.324,2.694872916e+00,3.745298699e+00,1.359948113e-01,1.297214118e-01
0.382,2.658479305e+00,3.720146891e+00,1.403176065e-01,1.319840566e-01
0.441,2.663076797e+00,3.727850693e+00,1.448674581e-01,1.352906180e-01
0.500,2.724381271e+00,3.800047563e+00,1.478174337e-01,1.362864246e-01