x,y1,y2,y3,y4,m1,m2,m3,m4
0.000,1.257672449e+01,NaN,NaN,NaN,2.811162486e+00,NaN,NaN,NaN
0.029,1.221625959e+01,1.222060149e+01,1.239655726e+01,1.238857028e+01,1.409379169e+00,1.396830600e+00,1.405184329e+00,1.405600908e+00
0.088,1.090286504e+01,1.096134773e+01,1.170339874e+01,1.171217543e+01,1.363238106e+00,1.315096560e+00,1.375925597e+00,1.376963313e+00
0.147,9.937022991e+00,9.958331484e+00,1.115276068e+01,1.115579318e+01,1.345699325e+00,1.274060204e+00,1.338273021e+00,1.337988813e+00
0.206,9.107050407e+00,8.971151865e+00,1.077510505e+01,1.077594380e+01,1.341347767e+00,1.248647856e+00,1.349831346e+00,1.349896066e+00
0.265,8.403493033e+00,8.226506598e+00,1.045853340e+01,1.045998800e+01,1.396092523e+00,1.269481469e+00,1.334703830e+00,1.334723714e+00
0.324,6.919504010e+00,6.578671408e+00,9.916025366e+00,9.920336160e+00,1.019626844e+00,8.223067636e-01,1.001510857e+00,1.001892832e+00
0.382,6.218885586e+00,6.242112117e+00,9.775007969e+00,9.775183522e+00,8.614150136e-01,8.329160752e-01,1.023145276e+00,1.023388926e+00
0.441,5.846049599e+00,5.706761662e+00,8.928274049e+00,8.935207690e+00,8.653555975e-01,7.798240388e-01,9.053891285e-01,9.060011848e-01
0.500,5.013392932e+00,4.896070214e+00,8.335529568e+00,8.353340040e+00,7.441852304e-01,6.874488500e-01,7.983538580e-01,7.997613260e-01