x,yOn,mOn,yOff,mOff
0.00,NaN,NaN,3.078306107e+00,3.441372045e-01
0.03,3.072167875e+00,1.754049536e-01,3.031398062e+00,1.800194927e-01
0.05,3.097418874e+00,1.798896326e-01,3.053956549e+00,1.845783567e-01
0.10,3.052276218e+00,1.885410459e-01,3.009565864e+00,1.952816293e-01
0.15,3.099132799e+00,1.935474696e-01,2.994781460e+00,1.994409492e-01
0.20,3.108028971e+00,1.991961487e-01,2.979298708e+00,2.059309939e-01
0.25,2.964237231e+00,2.089493391e-01,2.852681485e+00,2.145455047e-01
0.30,2.850021472e+00,2.197605625e-01,2.706764979e+00,2.223931096e-01
0.35,2.927776698e+00,2.193042678e-01,2.705371267e+00,2.232161821e-01
0.40,2.821516845e+00,2.273720495e-01,2.575977007e+00,2.264980030e-01
0.45,2.753324064e+00,2.328268863e-01,2.501030759e+00,2.293745223e-01
0.50,2.596945579e+00,2.375107689e-01,2.319357572e+00,2.320617331e-01