x,yOn,mOn,yOff,mOff
0.00,0.000000000e+00,0.000000000e+00,0.000000000e+00,0.000000000e+00
0.03,2.021248015e+01,9.936359124e+00,8.165033774e+00,2.196892763e+00
0.05,3.470876877e-02,1.533219570e-02,1.484196689e-02,3.077208160e-03
0.10,8.494816596e-02,2.897269888e-02,2.623843159e-02,4.290424741e-03
0.15,1.187548140e-01,3.335216459e-02,3.631102859e-02,5.421688876e-03
0.20,1.604988458e-01,3.581681379e-02,4.693097598e-02,6.553229023e-03
0.25,2.415697901e-01,8.267789989e-02,5.397774639e-02,7.836063370e-03
0.30,3.016244003e-01,8.750687179e-02,6.349151962e-02,8.648858110e-03
0.35,2.957293003e-01,7.070899276e-02,6.389758022e-02,8.306464079e-03
0.40,3.583683044e-01,7.689611614e-02,6.912206149e-02,8.658545880e-03
0.45,4.050306524e-01,8.718523348e-02,7.282530050e-02,9.445730941e-03
0.50,3.931649577e-01,8.009862040e-02,7.412822423e-02,9.984365642e-03