x,yOn,mOn,yOff,mOff
0.00,3.680958524e+00,4.768834628e-01,2.635333219e+00,4.438422748e-01
0.03,3.731094926e+00,1.599791016e-01,2.751972232e+00,1.569156238e-01
0.09,3.722263524e+00,1.660929147e-01,2.830012533e+00,1.694605167e-01
0.15,3.735754030e+00,1.734180862e-01,2.752176565e+00,1.779349470e-01
0.21,3.768246166e+00,1.782838307e-01,2.753570563e+00,1.897102452e-01
0.26,3.563281767e+00,1.961376439e-01,2.564185389e+00,2.012230171e-01
0.32,3.474232737e+00,2.042905700e-01,2.347115436e+00,2.094764576e-01
0.38,3.399934969e+00,2.089277547e-01,2.265500107e+00,2.156718606e-01
0.44,3.280203413e+00,2.153019755e-01,2.067438068e+00,2.160494335e-01
0.50,3.196274590e+00,2.222253015e-01,1.977190751e+00,2.167519148e-01