x,yOn,mOn,yOff,mOff
0.00,NaN,NaN,1.119374197e+01,3.431254017e+00
0.03,1.021204414e+01,1.612772156e+00,1.012352000e+01,1.623277742e+00
0.05,9.218607205e+00,1.530436482e+00,9.557820751e+00,1.597209019e+00
0.10,6.673440226e+00,9.541530829e-01,7.118616294e+00,1.161921919e+00
0.15,5.252331587e+00,7.520645170e-01,5.891734132e+00,9.994755857e-01
0.20,4.089900394e+00,6.463441002e-01,4.454981089e+00,6.884292388e-01
0.25,3.826956830e+00,6.560495323e-01,3.926133667e+00,6.665583587e-01
0.30,3.851348155e+00,1.196179091e+00,3.810134127e+00,9.795409378e-01
0.35,3.427649914e+00,1.174045081e+00,4.170739032e+00,1.464020109e+00
0.40,2.462994775e+00,5.880101298e-01,2.524228074e+00,6.317405679e-01
0.45,1.710336262e+00,4.729967264e-01,1.993350757e+00,4.967031415e-01
0.50,1.156437418e+00,3.725277222e-01,1.398624070e+00,4.211194642e-01