x,yOn,mOn,yOff,mOff
0.00,NaN,NaN,0.000000000e+00,0.000000000e+00
0.03,2.081574822e-02,1.006045565e-02,2.656754918e-02,1.034509631e-02
0.09,6.060415793e-02,2.223352910e-02,7.014075859e-02,2.411788429e-02
0.15,9.383918155e-02,3.616230225e-02,9.987790945e-02,3.650256387e-02
0.21,1.022074174e-01,3.359995199e-02,1.098037805e-01,3.287255704e-02
0.26,1.451035445e-01,4.864525728e-02,1.499966978e-01,4.768771134e-02
0.32,2.350606708e-01,8.095840485e-02,2.502875197e-01,8.302323478e-02
0.38,2.598256488e-01,8.951619648e-02,2.809633690e-01,9.676241017e-02
0.44,2.695491280e-01,8.972448003e-02,2.729881998e-01,9.181429015e-02
0.50,2.994209640e-01,9.721677173e-02,3.163626235e-01,9.881623800e-02