x,y1,y2,m1,m2
0.000,1.119374197e+01,NaN,3.431254017e+00,NaN
0.025,1.072510628e+01,1.072510628e+01,1.182439405e+00,1.172413510e+00
0.050,1.006405050e+01,1.006405050e+01,1.143367315e+00,1.133672711e+00
0.100,8.166873704e+00,8.166873704e+00,8.406934205e-01,8.335651870e-01
0.150,7.647735163e+00,7.647735163e+00,9.020191420e-01,8.943709281e-01
0.200,6.939607952e+00,6.939607952e+00,9.010366797e-01,8.933967962e-01
0.250,6.755021394e+00,6.755021394e+00,9.603097609e-01,9.521673013e-01
0.300,5.906334239e+00,5.906334239e+00,9.601917363e-01,9.520502775e-01
0.350,5.497954259e+00,5.497954259e+00,9.679787080e-01,9.597712234e-01
0.400,4.558745357e+00,4.558745357e+00,7.659924483e-01,7.594976038e-01
0.450,3.789391675e+00,3.789391675e+00,6.692473637e-01,6.635728201e-01
0.500,3.161276551e+00,3.161276551e+00,6.589428234e-01,6.533556519e-01