x,yOn,mOn,yOff,mOff
0.00,NaN,NaN,3.078306107e+00,3.441372045e-01
0.03,3.083899765e+00,1.771771426e-01,3.019666172e+00,1.776213864e-01
0.05,3.120966648e+00,1.819415887e-01,3.030408774e+00,1.818193876e-01
0.10,3.169114902e+00,1.877162182e-01,2.892727181e+00,1.943324514e-01
0.15,3.192355231e+00,1.918650576e-01,2.901559027e+00,1.993599737e-01
0.20,3.248460530e+00,1.977141349e-01,2.838867149e+00,2.045409200e-01
0.25,3.130708279e+00,2.070432012e-01,2.686210438e+00,2.131679323e-01
0.30,3.099914600e+00,2.170853383e-01,2.456871851e+00,2.190634515e-01
0.35,3.108620019e+00,2.175649227e-01,2.524527946e+00,2.203217703e-01
0.40,3.079373370e+00,2.221082967e-01,2.318120482e+00,2.242346204e-01
0.45,3.054055919e+00,2.273241007e-01,2.200298903e+00,2.255665583e-01
0.50,2.968690007e+00,2.327738064e-01,1.947613144e+00,2.236359054e-01