x,y1,y2,m1,m2
0.000,0.000000000e+00,NaN,0.000000000e+00,NaN
0.029,1.510814418e-02,8.583504522e-03,6.812181568e-03,2.745545509e-03
0.088,3.699657079e-02,2.837588747e-02,1.181792350e-02,1.187278409e-02
0.147,6.350640590e-02,3.335213961e-02,2.336156832e-02,1.192436115e-02
0.206,7.135529809e-02,3.465030087e-02,2.276223376e-02,8.185875498e-03
0.265,9.263006581e-02,5.492005534e-02,2.784867185e-02,2.110391748e-02
0.324,1.754228437e-01,6.725125157e-02,5.511392369e-02,2.197052063e-02
0.382,1.963371186e-01,7.405740160e-02,6.223317150e-02,2.578026637e-02
0.441,1.880130624e-01,8.325560152e-02,5.917428115e-02,2.865580767e-02
0.500,2.144385373e-01,9.345325643e-02,6.323693696e-02,3.256320712e-02