x,y1,y2,m1,m2
0.000,1.257672449e+01,NaN,2.629313330e+00,NaN
0.029,1.226776727e+01,1.234322705e+01,9.351616035e-01,9.243804267e-01
0.088,1.124044282e+01,1.139945065e+01,9.040946461e-01,8.951139350e-01
0.147,1.042132086e+01,1.068063331e+01,8.821860572e-01,8.736038701e-01
0.206,9.757615889e+00,1.005700967e+01,8.812036147e-01,8.754962308e-01
0.265,9.281361466e+00,9.492899049e+00,8.919432073e-01,8.821479850e-01
0.324,8.198395705e+00,8.468872767e+00,6.452601233e-01,6.537736931e-01
0.382,7.902248137e+00,8.103346461e+00,6.356208465e-01,6.369795603e-01
0.441,7.298323782e+00,7.409822717e+00,5.849676868e-01,5.856791068e-01
0.500,6.565474202e+00,6.733692175e+00,5.190420210e-01,5.177590967e-01