x,yOn,mOn,yOff,mOff
0.00,NaN,NaN,3.078306107e+00,3.441372045e-01
0.03,3.050989429e+00,1.759974969e-01,3.052576507e+00,1.788789035e-01
0.05,3.086655694e+00,1.797333840e-01,3.064719729e+00,1.841645451e-01
0.10,3.037370710e+00,1.887087206e-01,3.024471372e+00,1.945212082e-01
0.15,3.065759796e+00,1.924441445e-01,3.028154463e+00,2.000315904e-01
0.20,3.051245652e+00,1.988915557e-01,3.036082027e+00,2.058120283e-01
0.25,2.912265578e+00,2.085431204e-01,2.904653138e+00,2.144328992e-01
0.30,2.772185138e+00,2.191981688e-01,2.784601313e+00,2.225084011e-01
0.35,2.808128206e+00,2.188008463e-01,2.825019759e+00,2.236533579e-01
0.40,2.694514697e+00,2.242249543e-01,2.702979156e+00,2.297106411e-01
0.45,2.608830995e+00,2.290573136e-01,2.645523828e+00,2.332456891e-01
0.50,2.451840641e+00,2.325808169e-01,2.464462510e+00,2.372874501e-01