x,y1,y2,m1,m2
0.000,0.000000000e+00,NaN,0.000000000e+00,NaN
0.029,1.328377459e-02,1.040787411e-02,5.267868992e-03,5.088755785e-03
0.088,3.507037930e-02,3.030207897e-02,1.234424243e-02,1.134281729e-02
0.147,4.993895473e-02,4.691959078e-02,1.863337088e-02,1.841415850e-02
0.206,5.490189025e-02,5.110370872e-02,1.694897243e-02,1.722563918e-02
0.265,7.499834890e-02,7.255177224e-02,2.450366638e-02,2.491521651e-02
0.324,1.251437599e-01,1.175303354e-01,4.256696150e-02,4.141354209e-02
0.382,1.404816958e-01,1.299128244e-01,4.952221976e-02,4.579054738e-02
0.441,1.364940999e-01,1.347745640e-01,4.704240051e-02,4.597091690e-02
0.500,1.581813118e-01,1.497104820e-01,5.082443428e-02,4.987095864e-02