x,y1,y2,m1,m2
0.000,7.672384745e-02,NaN,1.960649332e-02,NaN
0.029,7.765584796e-02,7.511952714e-02,7.198578818e-03,7.130483098e-03
0.088,7.844535409e-02,7.211484084e-02,7.551748382e-03,7.138181762e-03
0.147,7.448700669e-02,6.832599702e-02,7.786948331e-03,7.520910011e-03
0.206,6.096115444e-02,5.847998282e-02,7.247388192e-03,7.313136890e-03
0.265,5.550674953e-02,5.611786041e-02,7.125168642e-03,7.332119694e-03
0.324,5.335924504e-02,5.210935785e-02,7.071575039e-03,7.265692742e-03
0.382,4.463491679e-02,4.553097566e-02,6.508404280e-03,6.498732350e-03
0.441,3.772948417e-02,3.726028307e-02,6.057625046e-03,5.687372792e-03
0.500,3.315483533e-02,3.078846788e-02,5.832161861e-03,5.287011936e-03