x,y1,y2,y3,y4,m1,m2,m3,m4
0.000,-1.842217461e+09,NaN,NaN,NaN,4.840794343e+09,NaN,NaN,NaN
0.025,-2.097305422e+09,1.627812775e+07,9.937182975e+06,5.341997074e+07,1.348908295e+09,1.555841663e+08,7.365938235e+07,1.071822375e+08
0.050,-1.934701274e+09,3.591951405e+07,-1.965533395e+07,4.900463223e+06,1.242588430e+09,9.994008764e+07,3.842698374e+07,4.678803666e+07
0.100,2.595623981e+05,-5.785359805e+05,-2.531936952e+05,-2.039374802e+05,5.169859274e+05,4.908482354e+05,2.318370650e+05,1.674619513e+05
0.150,1.066051722e+07,-1.881626180e+05,-6.993099631e+05,-2.001366770e+05,6.953783607e+06,8.337592409e+05,4.529101678e+05,2.301160337e+05
0.200,-Inf,-1.257914648e+06,Inf,Inf,NaN,3.092497565e+06,NaN,NaN
0.250,-Inf,2.059793724e+08,3.114531032e+08,-Inf,NaN,5.793969713e+08,4.645144920e+08,NaN
0.300,-Inf,2.137416091e+08,Inf,Inf,NaN,5.792864723e+08,NaN,NaN
0.350,-Inf,1.981582045e+08,NaN,Inf,NaN,5.651067868e+08,NaN,NaN
0.400,-Inf,2.020029098e+08,Inf,-1.047982135e+08,NaN,5.645873223e+08,NaN,2.670382552e+08
0.450,-Inf,Inf,NaN,Inf,NaN,NaN,NaN,NaN
0.500,-Inf,NaN,NaN,NaN,NaN,NaN,NaN,NaN