x,yOn,mOn,yOff,mOff
0.00,NaN,NaN,7.672384745e-02,1.960649332e-02
0.03,7.956504550e-02,1.037978184e-02,7.484098073e-02,1.023346965e-02
0.09,7.653407302e-02,1.034154251e-02,7.250384683e-02,1.077525384e-02
0.15,7.009694449e-02,1.130078766e-02,6.290481036e-02,1.114227035e-02
0.21,5.644915306e-02,1.070300949e-02,4.731330933e-02,1.029140521e-02
0.26,4.842948152e-02,1.056523096e-02,3.686764563e-02,9.787301520e-03
0.32,4.479075942e-02,1.084986888e-02,3.009301287e-02,9.280160570e-03
0.38,3.228717581e-02,8.757691401e-03,2.393046082e-02,7.979091473e-03
0.44,2.772533218e-02,8.296657099e-03,2.070670475e-02,7.235965432e-03
0.50,2.351260925e-02,8.041262978e-03,1.914290927e-02,7.712545582e-03