x,y1,y2,y3,y4,m1,m2,m3,m4
0.000,7.672384745e-02,NaN,NaN,NaN,2.096252200e-02,NaN,NaN,NaN
0.029,7.723497416e-02,7.717105208e-02,7.564989810e-02,7.549482585e-02,1.116129212e-02,1.090890173e-02,1.056773363e-02,1.064414026e-02
0.088,7.347796848e-02,7.555995137e-02,7.586099374e-02,7.622147626e-02,1.151195436e-02,1.109068879e-02,1.086668539e-02,1.092733840e-02
0.147,6.331745378e-02,6.968430107e-02,7.611932079e-02,7.650493178e-02,1.228674213e-02,1.173632391e-02,1.105336055e-02,1.108926396e-02
0.206,5.094674210e-02,5.281572029e-02,6.753640077e-02,6.758341137e-02,1.165214542e-02,1.084144060e-02,1.066574261e-02,1.066837294e-02
0.265,4.240684104e-02,4.289028611e-02,6.897531427e-02,6.897677846e-02,1.101658528e-02,1.083034511e-02,1.071123087e-02,1.071388002e-02
0.324,3.898096487e-02,3.590280742e-02,6.804732322e-02,6.800611027e-02,1.147934651e-02,1.018274238e-02,1.053378851e-02,1.053167760e-02
0.382,2.786974386e-02,2.834789277e-02,6.201268680e-02,6.210146148e-02,9.026108823e-03,8.939787917e-03,1.023566384e-02,1.023125088e-02
0.441,2.477961815e-02,2.365241878e-02,5.083069932e-02,5.071679822e-02,8.723456028e-03,7.958902874e-03,9.133846638e-03,9.098614371e-03
0.500,2.373611071e-02,1.891940781e-02,4.252772385e-02,4.270336406e-02,9.300199353e-03,7.484703609e-03,8.172640509e-03,8.216466394e-03