x,y1,y2,m1,m2
0.000,1.844283346e+09,2.065885033e+06,5.292119785e+09,1.606914734e+06
0.025,2.099511912e+09,2.206489498e+06,1.470256015e+09,4.900717862e+05
0.050,1.937081058e+09,2.379784012e+06,1.354369138e+09,4.959938331e+05
0.100,2.072022259e+06,2.331584657e+06,4.190732955e+05,4.853791412e+05
0.150,2.386894423e+06,1.304741164e+07,4.460938968e+05,8.298607519e+06
0.200,Inf,1.384093120e+07,NaN,8.493896073e+06
0.250,Inf,3.242987785e+08,NaN,5.529195630e+08
0.300,Inf,3.221785928e+08,NaN,5.493443554e+08
0.350,Inf,3.222348198e+08,NaN,5.490629724e+08
0.400,Inf,3.211096781e+08,NaN,5.467433318e+08
0.450,Inf,2.171633880e+08,NaN,4.429266413e+08
0.500,Inf,2.211588994e+08,NaN,4.519803660e+08