x,y1,y2,m1,m2
0.000,7.672384745e-02,NaN,1.960649332e-02,NaN
0.029,7.514165301e-02,7.763372208e-02,7.144119679e-03,7.183940324e-03
0.088,7.424442889e-02,7.631576604e-02,7.445850316e-03,7.253187654e-03
0.147,6.960971030e-02,7.320329341e-02,7.651843240e-03,7.660036540e-03
0.206,5.746253457e-02,6.197860269e-02,7.237491461e-03,7.319995282e-03
0.265,5.291154970e-02,5.871306024e-02,7.139273327e-03,7.312292160e-03
0.324,4.915903292e-02,5.630956997e-02,6.959007404e-03,7.361873503e-03
0.382,4.308486413e-02,4.708102833e-02,6.434967561e-03,6.566687644e-03
0.441,3.570158771e-02,3.928817952e-02,5.719390216e-03,6.017469684e-03
0.500,3.073801187e-02,3.320529134e-02,5.512888841e-03,5.612196570e-03