x,yOn,mOn,yOff,mOff
0.00,NaN,NaN,7.701849166e-02,1.922425499e-02
0.03,7.038148508e-02,9.489019328e-03,6.530170855e-02,8.940201481e-03
0.05,6.855323433e-02,9.768941490e-03,6.600835589e-02,9.766770663e-03
0.10,6.238402550e-02,1.002062330e-02,5.630421544e-02,1.024356542e-02
0.15,5.924374975e-02,1.055503407e-02,5.658524642e-02,1.173647782e-02
0.20,5.554473265e-02,1.123816353e-02,5.243841050e-02,1.200728233e-02
0.25,5.441881184e-02,1.126003408e-02,4.706482309e-02,1.182763280e-02
0.30,3.298349400e-02,8.307776367e-03,3.721123579e-02,1.040688240e-02
0.35,3.041560492e-02,8.257904958e-03,3.278487325e-02,9.808281414e-03
0.40,2.156961028e-02,6.814865336e-03,2.764944212e-02,9.299430103e-03
0.45,1.732432678e-02,6.334252868e-03,2.799007809e-02,1.014418307e-02
0.50,1.551535614e-02,6.859573598e-03,2.415864876e-02,9.657153318e-03