x,yOn,mOn,yOff,mOff
0.00,4.389464850e-02,1.845113199e-02,1.095530464e-01,3.219219616e-02
0.03,4.464145148e-02,6.458741435e-03,1.097645748e-01,1.220109001e-02
0.09,4.728079195e-02,7.162550197e-03,1.017571279e-01,1.253492776e-02
0.15,4.309073203e-02,7.603895501e-03,8.991102283e-02,1.358358043e-02
0.21,3.186785185e-02,6.172931914e-03,7.189461054e-02,1.327105564e-02
0.26,2.694508963e-02,6.130767234e-03,5.835203752e-02,1.293621963e-02
0.32,2.501110280e-02,6.711795849e-03,4.987266949e-02,1.261059211e-02
0.38,2.235461733e-02,6.022856717e-03,3.386301931e-02,1.026570826e-02
0.44,2.187074525e-02,6.547493783e-03,2.656129169e-02,8.942398521e-03
0.50,2.032054565e-02,6.940918779e-03,2.233497287e-02,8.800633293e-03