x,yOn,mOn,yOff,mOff
0.00,NaN,NaN,9.231746154e+08,2.615979609e+09
0.03,1.030846094e+09,1.411023676e+09,1.019163058e+09,1.431283572e+09
0.05,9.624970799e+08,1.312536168e+09,9.810676367e+08,1.374734602e+09
0.10,2.379833905e+06,6.139554513e+05,2.946272058e+06,7.433678953e+05
0.15,7.526176385e+06,7.455336769e+06,9.244291345e+06,7.722339797e+06
0.20,7.565438114e+06,7.327027351e+06,1.031807820e+07,8.303237554e+06
0.25,6.292592326e+08,9.813879520e+08,9.344840823e+06,7.802723197e+06
0.30,6.253152848e+08,9.750398296e+08,9.386222132e+06,7.675019970e+06
0.35,6.251902751e+08,9.745388303e+08,9.570220560e+06,7.699728048e+06
0.40,6.226727014e+08,9.704235328e+08,9.593813636e+06,7.850696869e+06
0.45,4.144058241e+08,7.863707955e+08,Inf,NaN
0.50,Inf,NaN,Inf,NaN