x,y1,y2,m1,m2
0.000,2.718218721e-01,NaN,6.963401626e-02,NaN
0.029,2.589463817e-01,2.654099537e-01,2.391614878e-02,2.380649318e-02
0.088,2.509189448e-01,2.571357432e-01,2.508991749e-02,2.464552016e-02
0.147,2.233745216e-01,2.378571228e-01,2.464356631e-02,2.479867262e-02
0.206,1.902550745e-01,2.060360432e-01,2.338376498e-02,2.374068272e-02
0.265,1.713194460e-01,1.904028538e-01,2.204952416e-02,2.281502125e-02
0.324,1.615876009e-01,1.845289941e-01,2.200417331e-02,2.318285176e-02
0.382,1.477965337e-01,1.626696451e-01,2.172044437e-02,2.262330270e-02
0.441,1.188839242e-01,1.313889554e-01,1.896912041e-02,2.019395733e-02
0.500,9.644260397e-02,1.061566223e-01,1.686883134e-02,1.791805015e-02