x,yOn,mOn,yOff,mOff
0.00,NaN,NaN,3.240359998e-01,8.941692311e-02
0.03,2.890634189e-01,4.170863900e-02,2.784021408e-01,4.169148162e-02
0.05,2.715349265e-01,4.023824070e-02,2.684068765e-01,4.151171386e-02
0.10,2.308490513e-01,3.785306594e-02,2.132792121e-01,3.800296842e-02
0.15,2.084778566e-01,3.727734571e-02,2.005748983e-01,3.824343781e-02
0.20,1.941394781e-01,3.809361261e-02,1.766287167e-01,3.771754656e-02
0.25,1.828244618e-01,3.691185886e-02,1.565806571e-01,3.689258254e-02
0.30,1.207041630e-01,3.116729967e-02,1.297495362e-01,3.488389886e-02
0.35,1.091035609e-01,3.004812906e-02,1.172689026e-01,3.331702855e-02
0.40,8.218987323e-02,2.692504386e-02,1.005937424e-01,3.169598997e-02
0.45,6.331156224e-02,2.449204945e-02,9.333254097e-02,3.058533185e-02
0.50,5.567540347e-02,2.377713105e-02,8.706914919e-02,3.021197551e-02