x,y1,y2,y3,y4,m1,m2,m3,m4
0.000,-9.967851661e+08,NaN,NaN,NaN,2.632682023e+09,NaN,NaN,NaN
0.025,-8.389162907e+08,6.328520820e+06,3.437874376e+06,-2.184738470e+07,5.460426994e+08,1.148120441e+08,5.227593891e+07,7.244536748e+07
0.050,-1.018866468e+09,-2.954541344e+07,1.466000830e+07,-2.075533069e+07,6.587808490e+08,8.984854677e+07,4.650925431e+07,4.124416650e+07
0.100,5.399569007e+06,-2.059991317e+05,7.321437472e+03,-1.024796658e+04,3.241463049e+06,1.960874804e+05,9.724530134e+04,9.233017722e+04
0.150,8.696789350e+06,-2.598388033e+05,4.189104292e+06,-6.267927393e+05,7.626506233e+06,1.446287218e+07,7.106187366e+06,6.772568549e+06
0.200,-Inf,3.443715854e+06,Inf,Inf,NaN,1.092423985e+07,NaN,NaN
0.250,-Inf,1.395529905e+07,2.046787499e+07,-Inf,NaN,3.798459593e+07,3.047088694e+07,NaN
0.300,-Inf,1.459600512e+07,Inf,Inf,NaN,3.801308502e+07,NaN,NaN
0.350,-Inf,1.361970466e+07,NaN,Inf,NaN,3.707748849e+07,NaN,NaN
0.400,-Inf,1.377323783e+07,Inf,-6.908921079e+06,NaN,3.700875011e+07,NaN,1.751567152e+07
0.450,-Inf,Inf,NaN,Inf,NaN,NaN,NaN,NaN
0.500,-Inf,NaN,NaN,NaN,NaN,NaN,NaN,NaN