x,y1,y2,m1,m2
0.000,1.002804779e+09,6.019612844e+06,2.940151460e+09,1.596423461e+07
0.025,8.320915175e+08,5.988682298e+06,5.980496220e+08,3.840710399e+06
0.050,1.045547829e+09,6.176058303e+06,7.459875996e+08,3.923475133e+06
0.100,9.704889975e+05,6.103921196e+06,1.538930179e+05,3.843292627e+06
0.150,1.193896234e+06,5.271784804e+06,1.785804877e+05,3.229661373e+06
0.200,1.228528784e+06,5.533180506e+06,1.358754352e+05,3.325360628e+06
0.250,Inf,5.535573171e+06,NaN,3.316223780e+06
0.300,Inf,5.704641537e+06,NaN,3.286418619e+06
0.350,Inf,5.803877407e+06,NaN,3.272158450e+06
0.400,Inf,5.979127941e+06,NaN,3.325110130e+06
0.450,Inf,6.060236583e+06,NaN,3.321389354e+06
0.500,Inf,6.116611132e+06,NaN,3.323965143e+06