x,yOn,mOn,yOff,mOff
0.00,NaN,NaN,2.718218721e-01,6.963401626e-02
0.03,2.707386323e-01,3.399770457e-02,2.578612295e-01,3.400925651e-02
0.09,2.585156988e-01,3.539149956e-02,2.462174478e-01,3.625051113e-02
0.15,2.239288021e-01,3.534532327e-02,1.950110963e-01,3.432942491e-02
0.21,1.846148327e-01,3.359239100e-02,1.524429808e-01,3.184691246e-02
0.26,1.510501705e-01,3.084168526e-02,1.126386372e-01,2.727846884e-02
0.32,1.386945480e-01,3.149414716e-02,9.179294802e-02,2.623547157e-02
0.38,1.096125636e-01,2.910047840e-02,7.680113133e-02,2.430129118e-02
0.44,9.163806582e-02,2.680679320e-02,6.532115210e-02,2.183114583e-02
0.50,7.524976481e-02,2.476145627e-02,5.650145241e-02,2.081413509e-02