x,yOn,mOn,yOff,mOff
0.00,6.019612844e+06,1.596423461e+07,1.002804779e+09,2.877958954e+09
0.03,6.143913147e+06,5.514123650e+06,9.116006710e+08,9.082915889e+08
0.05,6.166757852e+06,5.452068000e+06,1.004677160e+09,9.972468443e+08
0.10,6.296573555e+06,5.510093881e+06,1.015931298e+06,2.044005762e+05
0.15,1.402081568e+07,1.764836949e+07,1.186987373e+06,2.245857948e+05
0.20,1.831112841e+07,2.254548911e+07,1.193465629e+06,1.759758474e+05
0.25,4.673860535e+07,7.260830734e+07,1.282399808e+06,1.902373633e+05
0.30,4.660962232e+07,7.215587251e+07,1.369648151e+06,1.979974312e+05
0.35,4.660820561e+07,7.208639988e+07,1.397035526e+06,2.142143574e+05
0.40,4.664987915e+07,7.178786879e+07,1.468571247e+06,2.389860445e+05
0.45,3.312508840e+07,5.826031367e+07,Inf,NaN
0.50,3.346264646e+07,5.943766376e+07,Inf,NaN