x,y1,y2,y3,y4,m1,m2,m3,m4
0.000,2.718218721e-01,NaN,NaN,NaN,7.445005967e-02,NaN,NaN,NaN
0.029,2.652460262e-01,2.633538356e-01,2.606311049e-01,2.594817040e-01,3.668310805e-02,3.611593237e-02,3.567350540e-02,3.569125824e-02
0.088,2.505914012e-01,2.541417454e-01,2.558026407e-01,2.555735887e-01,3.874314500e-02,3.793947989e-02,3.678142729e-02,3.675723528e-02
0.147,1.985509659e-01,2.203889325e-01,2.516173827e-01,2.519060077e-01,3.736882143e-02,3.724945328e-02,3.720676828e-02,3.722207370e-02
0.206,1.671515421e-01,1.699062714e-01,2.277605258e-01,2.277638962e-01,3.576480460e-02,3.440864729e-02,3.579712093e-02,3.578978120e-02
0.265,1.309420644e-01,1.327467433e-01,2.299476005e-01,2.298081914e-01,3.139503700e-02,3.111829012e-02,3.550602230e-02,3.546835908e-02
0.324,1.228970644e-01,1.075904316e-01,2.309342460e-01,2.308114479e-01,3.277309406e-02,2.947451869e-02,3.573241953e-02,3.571499262e-02
0.382,9.347019070e-02,9.294350422e-02,2.169736244e-01,2.175450382e-01,2.902616946e-02,2.853397146e-02,3.627321809e-02,3.628472208e-02
0.441,8.211228806e-02,7.484692986e-02,1.718259310e-01,1.717606103e-01,2.757006750e-02,2.484517548e-02,3.173884042e-02,3.173762388e-02
0.500,7.527511548e-02,5.647610174e-02,1.366907142e-01,1.367565211e-01,2.683617528e-02,2.197039324e-02,2.736030027e-02,2.735529534e-02