x,y1,y2,m1,m2
0.000,2.718218721e-01,NaN,6.963401626e-02,NaN
0.029,2.657217910e-01,2.586345444e-01,2.401389061e-02,2.370948390e-02
0.088,2.638074611e-01,2.442472269e-01,2.546653089e-02,2.424455423e-02
0.147,2.461379660e-01,2.150936784e-01,2.569060289e-02,2.369113514e-02
0.206,2.081552565e-01,1.881358612e-01,2.432207504e-02,2.278984866e-02
0.265,1.834865844e-01,1.782357154e-01,2.268761247e-02,2.221546643e-02
0.324,1.749412113e-01,1.711753837e-01,2.256855406e-02,2.267724893e-02
0.382,1.514647497e-01,1.590014290e-01,2.175024971e-02,2.260546377e-02
0.441,1.210770690e-01,1.291958106e-01,1.915578911e-02,2.002706864e-02
0.500,1.001637506e-01,1.024354756e-01,1.713011189e-02,1.768081855e-02