x,yOn,mOn,yOff,mOff
0.00,NaN,NaN,5.044121959e+08,1.422603232e+09
0.03,4.611241299e+08,6.297536161e+08,4.566204543e+08,6.411487369e+08
0.05,5.238934822e+08,7.113157255e+08,4.869504360e+08,6.827609049e+08
0.10,3.633638250e+06,3.477601260e+06,3.678866603e+06,3.559468905e+06
0.15,1.135754790e+07,1.531740356e+07,3.850255161e+06,3.491773707e+06
0.20,1.557152942e+07,1.974575151e+07,3.933064619e+06,3.518090418e+06
0.25,4.402705230e+07,6.440627315e+07,3.993952859e+06,3.525019167e+06
0.30,4.390835680e+07,6.400655880e+07,4.070913673e+06,3.472581331e+06
0.35,4.389974657e+07,6.394402499e+07,4.105494565e+06,3.486952223e+06
0.40,4.385635372e+07,6.367585119e+07,4.262096673e+06,3.554411091e+06
0.45,3.027050144e+07,5.164017316e+07,Inf,NaN
0.50,Inf,NaN,Inf,NaN