x,y1,y2,m1,m2
0.000,1.049955719e-01,NaN,2.867199482e-02,NaN
0.025,9.782488036e-02,1.011028511e-01,9.982752356e-03,1.080857403e-02
0.050,1.011477390e-01,1.012356063e-01,1.061249273e-02,1.101563591e-02
0.100,1.091532821e-01,1.093219245e-01,1.383212843e-02,1.305735905e-02
0.150,1.160518044e-01,1.147123067e-01,1.486028671e-02,1.392345178e-02
0.200,1.132435780e-01,1.169553770e-01,1.511553782e-02,1.717291660e-02
0.250,1.156549739e-01,1.254280279e-01,1.631828217e-02,2.118263158e-02
0.300,1.036638852e-01,1.293750825e-01,1.648423771e-02,2.222085624e-02
0.350,1.053971539e-01,1.126325685e-01,1.724675446e-02,1.658821814e-02
0.400,8.980109657e-02,1.132977702e-01,1.624154344e-02,1.760508034e-02
0.450,9.735508605e-02,1.232749597e-01,1.883087454e-02,1.961468618e-02
0.500,9.533879839e-02,1.108674744e-01,1.931907158e-02,1.812404067e-02