x,yOn,mOn,yOff,mOff
0.00,NaN,NaN,1.416184116e+09,3.179599728e+09
0.03,1.557410077e+09,1.819811849e+09,1.498852196e+09,1.761945939e+09
0.05,1.494138780e+09,1.692044734e+09,1.486305318e+09,1.683428203e+09
0.10,1.406397442e+08,1.390201219e+08,1.597183355e+08,1.351688025e+08
0.15,1.390159000e+08,1.390458581e+08,1.394525824e+08,1.315353347e+08
0.20,1.370231902e+08,1.431210758e+08,1.419642438e+08,1.339406950e+08
0.25,6.669828010e+08,1.112292201e+09,5.145161743e+07,2.910127928e+07
0.30,6.920218769e+08,1.138899023e+09,6.472748939e+07,3.256493919e+07
0.35,6.972725663e+08,1.134986581e+09,1.448186858e+08,1.699691435e+08
0.40,7.263088196e+08,1.174524696e+09,9.342742362e+07,5.991536569e+07
0.45,5.550411799e+08,9.853950416e+08,1.264580185e+08,6.901770128e+07
0.50,5.875437079e+08,1.036650763e+09,1.098160549e+08,6.342823533e+07