x,y1,y2,m1,m2
0.000,1.416184116e+09,NaN,3.179599728e+09,NaN
0.025,1.518246292e+09,1.518246292e+09,1.267819593e+09,1.257068704e+09
0.050,1.455303491e+09,1.455303491e+09,1.166327605e+09,1.156437037e+09
0.100,1.458992056e+08,1.458992056e+08,9.514257719e+07,9.433576881e+07
0.150,1.430646292e+08,1.430646292e+08,9.509447959e+07,9.428806301e+07
0.200,2.704595081e+08,2.704595081e+08,2.054571197e+08,2.037146592e+08
0.250,2.649723769e+08,2.649723769e+08,2.330275669e+08,2.310510675e+08
0.300,9.216833669e+07,9.216833669e+07,6.038474207e+07,5.987254558e+07
0.350,1.023714562e+08,1.023714562e+08,9.641310193e+07,9.559524654e+07
0.400,7.513838929e+07,7.513838929e+07,3.555273658e+07,3.525112025e+07
0.450,9.592423244e+07,9.592423244e+07,4.182113142e+07,4.146628491e+07
0.500,9.714532197e+07,9.714532197e+07,4.146720453e+07,4.111527714e+07