x,yOn,mOn,yOff,mOff
0.00,NaN,NaN,1.416184116e+09,3.179599728e+09
0.03,1.540020959e+09,1.802466967e+09,1.515426128e+09,1.784592507e+09
0.05,1.514469263e+09,1.718905334e+09,1.465743678e+09,1.661124849e+09
0.10,1.499187923e+08,1.362370051e+08,1.509908007e+08,1.383371363e+08
0.15,1.321639831e+08,1.336591449e+08,1.463943685e+08,1.371670367e+08
0.20,1.373320868e+08,1.380903527e+08,1.418369546e+08,1.391000395e+08
0.25,4.548875955e+08,8.874766166e+08,2.461594896e+08,6.277047351e+08
0.30,4.747884621e+08,8.999807307e+08,2.530412353e+08,6.195502964e+08
0.35,4.654973981e+08,8.752861439e+08,3.510260968e+08,6.704358620e+08
0.40,4.860306010e+08,9.126248291e+08,3.001344209e+08,6.496865782e+08
0.45,5.483348093e+08,9.441049064e+08,1.150165510e+08,7.487449246e+07
0.50,5.689411268e+08,9.799932350e+08,1.017829900e+08,6.806002306e+07