x,y1,y2,y3,y4,m1,m2,m3,m4
0.000,-1.213572181e-02,NaN,NaN,NaN,4.219042269e-02,NaN,NaN,NaN
0.025,-1.827128752e-02,-1.673106343e-04,7.001491607e-03,6.396079288e-04,1.539587824e-02,7.335718214e-03,8.264661667e-03,3.085484404e-03
0.050,-1.600113373e-02,4.430346236e-04,8.014627646e-03,3.182929584e-03,1.522581240e-02,8.137416595e-03,1.078190500e-02,5.133685807e-03
0.100,-3.953226222e-03,3.038247415e-03,1.649249233e-03,4.981455108e-03,2.062146927e-02,1.203101872e-02,1.616364084e-02,6.728104711e-03
0.150,-3.515734402e-04,-1.005158550e-02,2.475079818e-03,1.059077261e-02,2.486430599e-02,1.805363261e-02,2.109560883e-02,1.023746463e-02
0.200,9.313696697e-04,-6.820193032e-03,1.063194315e-02,2.525478320e-02,3.113425239e-02,2.151227622e-02,2.867048999e-02,1.420856791e-02
0.250,3.526488296e-02,-2.468555304e-04,3.209532690e-02,1.054466654e-02,4.055876265e-02,2.410459994e-02,3.830006870e-02,1.601835762e-02
0.300,6.528944005e-02,-1.771637243e-02,4.498024321e-02,1.124037472e-02,3.940855043e-02,2.379932449e-02,3.881372877e-02,1.755107897e-02
0.350,4.604601060e-02,-1.351185528e-02,1.233671226e-02,4.619609106e-03,2.963375474e-02,2.705709918e-02,2.871743338e-02,1.387241445e-02
0.400,4.355632841e-02,-1.158548113e-02,3.448256979e-02,9.278373297e-03,3.115038438e-02,2.592134382e-02,2.729932639e-02,1.253956752e-02
0.450,6.369440475e-02,-1.213672080e-02,3.346297476e-02,1.056690544e-02,3.305392283e-02,3.286233218e-02,3.372961353e-02,1.612845628e-02
0.500,5.154509454e-02,-1.853639976e-02,1.969026591e-02,7.779357254e-03,3.063300740e-02,3.147715821e-02,3.252276655e-02,1.711356310e-02