x,yOn,mOn,yOff,mOff
0.00,1.026727136e-01,4.903508606e-02,1.072944832e-01,3.176205674e-02
0.03,9.096830231e-02,1.626342534e-02,1.033164032e-01,1.407312717e-02
0.05,9.980989317e-02,1.926669353e-02,1.020366436e-01,1.242503365e-02
0.10,1.120304375e-01,2.263632337e-02,9.719086569e-02,1.868679286e-02
0.15,1.188265501e-01,2.546888741e-02,1.006276661e-01,2.073151063e-02
0.20,1.255225947e-01,3.016662938e-02,9.500484895e-02,2.184495197e-02
0.25,1.531146826e-01,3.897596415e-02,9.196509118e-02,2.298182994e-02
0.30,1.527652679e-01,4.112696175e-02,6.284565654e-02,1.930619765e-02
0.35,1.275251049e-01,3.178861863e-02,5.521747022e-02,1.886680411e-02
0.40,1.131271661e-01,3.044097402e-02,4.386662965e-02,1.980569181e-02
0.45,1.274968202e-01,3.354567019e-02,4.572380536e-02,2.413264657e-02
0.50,1.232447116e-01,3.114944152e-02,3.828660991e-02,2.366695278e-02