x,y1,y2,y3,y4,m1,m2,m3,m4
0.000,1.416184116e+09,NaN,NaN,NaN,3.392862885e+09,NaN,NaN,NaN
0.025,1.515426128e+09,1.540020959e+09,1.576271474e+09,1.585626471e+09,1.901891111e+09,1.922765404e+09,1.986279711e+09,2.001048754e+09
0.050,1.465743678e+09,1.514469263e+09,1.468719970e+09,1.448352931e+09,1.770317072e+09,1.833631936e+09,1.784548042e+09,1.750393670e+09
0.100,1.509908007e+08,1.499187923e+08,1.461381716e+08,1.468474781e+08,1.474309140e+08,1.453297609e+08,1.451891379e+08,1.452442223e+08
0.150,1.463943685e+08,1.321639831e+08,1.417487724e+08,1.401477124e+08,1.461840651e+08,1.425800897e+08,1.451475314e+08,1.463610160e+08
0.200,1.418369546e+08,1.373320868e+08,3.965695411e+08,3.964821217e+08,1.482448326e+08,1.473085907e+08,4.350162974e+08,4.353305958e+08
0.250,2.461594896e+08,4.548875955e+08,4.956774622e+08,4.936944537e+08,6.689724461e+08,9.467265023e+08,5.277525285e+08,5.269684024e+08
0.300,2.530412353e+08,4.747884621e+08,1.190955356e+08,1.205211237e+08,6.602862872e+08,9.600695719e+08,1.238788109e+08,1.240239456e+08
0.350,3.510260968e+08,4.654973981e+08,4.678709778e+07,4.667241111e+07,7.145198291e+08,9.337227391e+08,3.362981415e+07,3.340899843e+07
0.400,3.001344209e+08,4.860306010e+08,5.240521703e+07,5.250458652e+07,6.924114435e+08,9.735716678e+08,3.499040127e+07,3.501127826e+07
0.450,1.150165510e+08,5.483348093e+08,4.773658452e+07,4.767521121e+07,7.979919519e+07,1.007171399e+09,3.689674078e+07,3.687496838e+07
0.500,1.017829900e+08,5.689411268e+08,7.895606906e+07,7.873248704e+07,7.253757337e+07,1.045465439e+09,5.248303538e+07,5.237085005e+07