x,yOn,mOn,yOff,mOff
0.00,NaN,NaN,NaN,NaN
0.03,Inf,NaN,Inf,NaN
0.05,3.458555038e+07,4.946222787e+07,3.634764148e+07,5.278851114e+07
0.10,2.807283603e+07,3.147115639e+07,3.678704556e+07,3.809203651e+07
0.15,1.659558750e+07,1.380186687e+07,1.960721437e+07,1.557416915e+07
0.20,1.830900910e+07,1.386054084e+07,2.608450103e+07,1.892272302e+07
0.25,2.165501623e+07,1.547493095e+07,2.989578460e+07,1.857206365e+07
0.30,2.206533111e+07,1.459381550e+07,2.848811092e+07,1.814088286e+07
0.35,5.144712928e+07,5.443536141e+07,3.759570069e+07,2.421230328e+07
0.40,1.489312912e+07,1.073056588e+07,2.943862490e+07,2.598875668e+07
0.45,2.010411319e+07,1.371079898e+07,2.433527865e+07,1.924890280e+07
0.50,1.191664620e+07,8.381108110e+06,2.025045328e+07,1.774593942e+07