x,yOn,mOn,yOff,mOff
0.00,NaN,NaN,NaN,NaN
0.03,7.142123187e-01,2.298326874e-01,7.809151738e-01,2.555344436e-01
0.09,7.464596302e-01,1.551726523e-01,6.433783017e-01,1.498634147e-01
0.15,4.968210194e-01,1.247334688e-01,3.779038418e-01,9.797713436e-02
0.21,3.645128080e-01,1.034934906e-01,2.856819911e-01,8.179383852e-02
0.26,2.708312048e-01,9.051406944e-02,2.278853320e-01,7.687068214e-02
0.32,1.783223874e-01,6.436785200e-02,1.504624569e-01,5.572751544e-02
0.38,1.678968547e-01,6.380482824e-02,8.422291948e-02,4.023802809e-02
0.44,1.389091084e-01,5.823787279e-02,6.308839911e-02,3.387400425e-02
0.50,1.400526513e-01,5.193901358e-02,7.064297797e-02,3.720878957e-02