x,y1,y2,y3,y4,m1,m2,m3,m4
0.000,NaN,NaN,NaN,NaN,NaN,NaN,NaN,NaN
0.029,8.260119453e-01,6.338349329e-01,NaN,NaN,2.540997879e-01,2.623267930e-01,NaN,NaN
0.088,7.430790849e-01,6.055585814e-01,NaN,NaN,1.567406398e-01,1.673556956e-01,NaN,NaN
0.147,4.350490770e-01,4.173831444e-01,NaN,NaN,1.089051321e-01,1.280074326e-01,NaN,NaN
0.206,3.634357293e-01,2.584701475e-01,NaN,NaN,9.727823563e-02,9.386681830e-02,NaN,NaN
0.265,3.013768820e-01,1.759098062e-01,NaN,NaN,9.259429673e-02,7.865535541e-02,NaN,NaN
0.324,2.012553260e-01,1.179486468e-01,4.849062831e-01,NaN,6.906506358e-02,5.458007104e-02,6.076955539e-02,NaN
0.382,1.365806426e-01,1.034421381e-01,4.674344122e-01,3.876130858e-01,5.597522769e-02,5.273216539e-02,1.295260921e-01,NaN
0.441,1.076406588e-01,8.383986345e-02,4.927254145e-01,NaN,4.954627372e-02,4.682374047e-02,6.750508130e-02,NaN
0.500,9.800827488e-02,1.057118187e-01,4.924364966e-01,NaN,3.899279920e-02,5.541840673e-02,7.297861213e-02,NaN