x,y1,y2,m1,m2
0.000,NaN,NaN,NaN,NaN
0.029,7.732717800e-01,7.244960827e-01,2.389737832e-01,2.542995105e-01
0.088,6.871489109e-01,6.905902673e-01,1.446312170e-01,1.636202246e-01
0.147,4.299310672e-01,4.249202310e-01,1.035957173e-01,1.167900906e-01
0.206,3.418963215e-01,2.897021644e-01,8.988774046e-02,9.143507404e-02
0.265,2.684655555e-01,2.178618344e-01,8.314559796e-02,8.075534117e-02
0.324,1.648768732e-01,1.627396271e-01,5.837679262e-02,5.990499905e-02
0.382,1.083521425e-01,1.426135135e-01,4.639685024e-02,5.698735304e-02
0.441,7.436321740e-02,1.287633427e-01,3.755673218e-02,5.530989064e-02
0.500,9.404021432e-02,1.145166168e-01,3.855291334e-02,5.148925297e-02