x,yOn,mOn,yOff,mOff
0.00,NaN,NaN,NaN,NaN
0.03,5.847196382e-01,2.323831080e-01,6.502168326e-01,2.253655123e-01
0.05,5.767902615e-01,1.911390960e-01,5.426627002e-01,1.670904900e-01
0.10,4.573135062e-01,1.463469113e-01,4.577287042e-01,1.299943194e-01
0.15,3.823414086e-01,1.163843544e-01,3.556600349e-01,1.099139067e-01
0.20,3.071713338e-01,8.864724011e-02,2.516376095e-01,7.856549891e-02
0.25,2.499680511e-01,7.295141428e-02,2.196851474e-01,6.920294734e-02
0.30,1.778880148e-01,6.273045281e-02,1.743824243e-01,6.320699353e-02
0.35,1.670132735e-01,6.147450918e-02,1.532579483e-01,5.710880703e-02
0.40,1.185102659e-01,4.973914688e-02,1.181619292e-01,4.944982780e-02
0.45,1.000412194e-01,4.146819473e-02,8.730554507e-02,4.244195779e-02
0.50,8.609227008e-02,4.109465588e-02,5.626993518e-02,2.925503483e-02