x,y1,y2,y3,y4,m1,m2,m3,m4
0.000,NaN,NaN,NaN,NaN,NaN,NaN,NaN,NaN
0.029,-1.857801109e-01,-6.458065913e-02,-1.001104880e-01,8.890785415e-02,2.722514651e-01,2.388785911e-01,2.386872430e-01,1.220514601e-01
0.088,5.238638579e-02,-4.255173625e-02,1.736030735e-02,6.169851994e-02,1.587310269e-01,1.547933065e-01,1.390639677e-01,8.658039402e-02
0.147,4.879287753e-02,-6.389744653e-03,-1.595622410e-02,3.212754820e-02,1.130867913e-01,1.139910198e-01,1.089759917e-01,6.376946883e-02
0.206,6.647849066e-02,-3.904175534e-02,-6.760500473e-02,7.450311704e-02,8.891270031e-02,8.821034432e-02,1.032591064e-01,4.477733700e-02
0.265,7.234077875e-02,-4.533486278e-02,-4.032954919e-02,4.943970449e-02,7.788253754e-02,8.602025600e-02,1.019432098e-01,4.506496926e-02
0.324,3.860479866e-02,-4.633463953e-02,4.452872432e-03,4.809070121e-02,5.955168392e-02,6.327876238e-02,7.900547198e-02,4.942813029e-02
0.382,8.148396853e-02,-2.454677378e-02,5.453656741e-02,2.245970871e-02,5.943491621e-02,4.991551509e-02,7.303283297e-02,3.881147015e-02
0.441,8.434661961e-02,1.610722102e-03,8.433909434e-02,2.373190018e-02,4.555218011e-02,3.713769989e-02,5.894918300e-02,3.294688691e-02
0.500,6.910666333e-02,-9.748794713e-04,3.987090394e-02,2.406026150e-02,5.147835695e-02,4.021287988e-02,5.998825402e-02,3.417922300e-02