x,yOn,mOn,yOff,mOff
0.00,NaN,NaN,NaN,NaN
0.03,Inf,NaN,Inf,NaN
0.05,2.647602203e+06,4.036958043e+06,6.243630754e+07,6.716986387e+07
0.10,1.585991416e+07,1.700607123e+07,4.685678390e+07,4.407314245e+07
0.15,1.359079562e+07,1.541216837e+07,2.197115425e+07,1.469984888e+07
0.20,1.392978645e+07,1.368422090e+07,2.929730074e+07,1.866490497e+07
0.25,1.878120010e+07,1.440583548e+07,3.199406052e+07,1.889885860e+07
0.30,1.773000568e+07,1.315493472e+07,3.147783371e+07,1.829012838e+07
0.35,1.746582478e+07,1.260572050e+07,6.552960304e+07,5.094386970e+07
0.40,8.896490421e+06,6.411244494e+06,3.280179017e+07,2.495417713e+07
0.45,1.142999538e+07,8.057193084e+06,3.066408795e+07,2.017594054e+07
0.50,1.113963874e+07,9.568012743e+06,2.004256797e+07,1.598007357e+07