x,y1,y2,m1,m2
0.000,NaN,NaN,NaN,NaN
0.025,6.648726972e-01,5.149955949e-01,1.888634484e-01,3.110660154e-01
0.050,6.135573009e-01,4.336438448e-01,1.527936442e-01,2.175739725e-01
0.100,4.717512460e-01,4.317204771e-01,1.219567156e-01,1.606811601e-01
0.150,3.850043701e-01,3.400922400e-01,1.026145471e-01,1.273460406e-01
0.200,2.755207066e-01,2.802752394e-01,7.760497403e-02,9.042484591e-02
0.250,2.110511327e-01,2.654463331e-01,6.161302051e-02,8.350724538e-02
0.300,1.350527242e-01,2.314327296e-01,4.744836548e-02,8.215621806e-02
0.350,1.422089101e-01,1.835565573e-01,5.275475594e-02,6.773000028e-02
0.400,1.089000745e-01,1.308901486e-01,4.557599924e-02,5.460523896e-02
0.450,7.715442162e-02,1.151076932e-01,3.841493462e-02,4.640567547e-02
0.500,4.423304754e-02,1.054590308e-01,2.477587180e-02,4.752014354e-02