x,y1,y2,m1,m2
0.000,NaN,NaN,NaN,NaN
0.029,6.879756532e-01,8.530954917e-01,2.163590763e-01,2.901074843e-01
0.088,6.878282040e-01,6.898628729e-01,1.435793196e-01,1.653140621e-01
0.147,4.173111456e-01,4.400644862e-01,1.091478716e-01,1.092275224e-01
0.206,3.018603087e-01,3.377342579e-01,8.846250242e-02,9.403602378e-02
0.265,2.432231381e-01,2.494804341e-01,8.252920182e-02,8.322176229e-02
0.324,1.430668675e-01,1.872333777e-01,5.507071945e-02,6.417901726e-02
0.382,1.147730042e-01,1.319020000e-01,4.845040604e-02,5.381103481e-02
0.441,8.948662092e-02,1.058245842e-01,4.576736998e-02,4.471704808e-02
0.500,9.246566275e-02,1.133901460e-01,4.261549834e-02,4.548042316e-02