x,yOn,yMarginOn,yOff,yMarginOff
0.00000,-2.05353,0.91835,-1.52338,0.91219
0.02500,-2.31159,0.31086,-2.01992,0.33881
0.05000,-2.53820,0.31861,-2.18587,0.34167
0.10000,-2.71772,0.31787,-2.84863,0.35019
0.15000,-2.86759,0.31711,-3.22227,0.35454
0.20000,-3.08306,0.30938,-3.62667,0.34350
0.25000,-3.30392,0.31535,-3.92954,0.32724
0.30000,-3.72793,0.31100,-4.56899,0.30398
0.35000,-3.91520,0.29247,-4.70591,0.29453
0.40000,-4.15802,0.28224,-5.04974,0.26769
0.45000,-4.42544,0.27585,-5.30855,0.25026
0.50000,-4.62812,0.26381,-5.58230,0.21243
0.75000,-4.93916,0.24954,-5.71010,0.19299
1.00000,-5.75383,0.28395,-5.76817,0.15197
