x,yOn,yMarginOn,yOff,yMarginOff
0.00000,NaN,NaN,-1.78845,0.63485
0.02500,-2.15746,0.32425,-2.17404,0.32223
0.05000,-2.32416,0.32830,-2.39991,0.32882
0.10000,-2.67270,0.33157,-2.89366,0.33226
0.15000,-2.89118,0.33579,-3.19867,0.33244
0.20000,-3.15735,0.32830,-3.55238,0.32214
0.25000,-3.47626,0.32458,-3.75720,0.31650
0.30000,-4.03759,0.31437,-4.25934,0.30270
0.35000,-4.23558,0.30086,-4.38553,0.28810
0.40000,-4.53434,0.28366,-4.67343,0.27099
0.45000,-4.78873,0.27428,-4.94526,0.25714
0.50000,-5.04183,0.25281,-5.16859,0.23371
0.75000,-5.31048,0.22713,-5.33878,0.22389
1.00000,-5.70279,0.22472,-5.81921,0.22734
