x,yOn,yMarginOn,yOff,yMarginOff
0.00000,NaN,NaN,-1.78845,0.63485
0.02500,-2.11469,0.32217,-2.21681,0.32422
0.05000,-2.33654,0.32708,-2.38752,0.33007
0.10000,-2.58797,0.32614,-2.97838,0.33667
0.15000,-2.86256,0.32919,-3.22729,0.33863
0.20000,-3.27324,0.32528,-3.43649,0.32639
0.25000,-3.47232,0.32110,-3.76113,0.31999
0.30000,-4.11328,0.30870,-4.18365,0.30891
0.35000,-4.26084,0.29373,-4.36027,0.29550
0.40000,-4.58871,0.27544,-4.61905,0.27954
0.45000,-4.93157,0.26322,-4.80243,0.26854
0.50000,-5.16457,0.24044,-5.04585,0.24644
0.75000,-5.45195,0.21990,-5.19731,0.23015
1.00000,-6.02007,0.22931,-5.50194,0.21922
