x,y1,y2,y3,y4,y1Margin,y2Margin,y3Margin,y4Margin
0.00000,-0.22392,NaN,NaN,NaN,0.80526,NaN,NaN,NaN
0.02500,0.09463,0.09884,0.00386,0.02049,0.28972,0.10264,0.10081,0.06360
0.05000,0.09859,0.08498,0.05979,0.06318,0.30763,0.15405,0.14709,0.11195
0.10000,0.59055,0.38539,0.08852,0.19795,0.32098,0.21055,0.18159,0.13242
0.15000,0.92073,0.39999,0.34015,0.32353,0.35243,0.23606,0.22922,0.17676
0.20000,1.02764,0.27087,0.29448,0.43564,0.35691,0.26919,0.27373,0.19382
0.25000,1.16321,0.41308,0.52058,0.33392,0.37306,0.27252,0.30549,0.20312
0.30000,1.35147,0.17082,0.59296,0.22955,0.36541,0.26015,0.30600,0.19135
0.35000,1.39522,0.15759,0.41461,0.13599,0.38936,0.28151,0.32460,0.18153
0.40000,1.52520,0.16578,0.44038,0.14229,0.36708,0.28516,0.29881,0.18568
0.45000,1.58906,-0.03707,0.40055,0.18281,0.37533,0.29515,0.30630,0.18285
0.50000,1.70387,-0.04609,0.41438,0.14865,0.37239,0.28527,0.30261,0.16646
0.75000,1.76398,-0.21536,0.13579,0.01340,0.37559,0.24618,0.29939,0.18163
1.00000,NaN,NaN,NaN,NaN,NaN,NaN,NaN,NaN
