x,yOn,yMarginOn,yOff,yMarginOff
0.00000,NaN,NaN,-1.57832,0.61746
0.02500,-1.88004,0.32349,-1.92669,0.31987
0.05000,-1.97344,0.32883,-2.10912,0.32842
0.10000,-2.32114,0.33464,-2.53069,0.33432
0.15000,-2.44733,0.34151,-2.90055,0.34184
0.20000,-2.70116,0.34397,-3.13668,0.33497
0.25000,-2.86434,0.35695,-3.46916,0.33467
0.30000,-3.35228,0.36530,-4.09531,0.33765
0.35000,-3.63117,0.36094,-4.16177,0.33618
0.40000,-3.94774,0.36750,-4.44038,0.32757
0.45000,-4.14580,0.36857,-4.68076,0.33257
0.50000,-4.37845,0.36793,-4.88341,0.32037
0.75000,-4.82613,0.40153,-5.02787,0.34457
1.00000,NaN,NaN,NaN,NaN
