x,yOn,yMarginOn,yOff,yMarginOff
0.00000,NaN,NaN,NaN,NaN
0.02500,-2.54766,0.96172,-2.14178,0.88820
0.05000,-2.38763,0.81134,-2.56551,0.67151
0.10000,-3.10489,0.64391,-3.19235,0.54267
0.15000,-3.46335,0.55092,-3.66527,0.48849
0.20000,-3.54516,0.47657,-3.93736,0.41572
0.25000,-3.73387,0.43046,-3.96945,0.40037
0.30000,-4.29904,0.38149,-4.44958,0.36259
0.35000,-4.48514,0.37347,-4.58535,0.35352
0.40000,-4.71651,0.33543,-4.78182,0.32705
0.45000,-4.80591,0.32756,-4.94392,0.31077
0.50000,-4.95540,0.30501,-5.13700,0.27410
0.75000,-5.02477,0.26695,-5.09012,0.25835
1.00000,-5.21802,0.23875,-5.31261,0.23384
