x,yOn,yMarginOn,yOff,yMarginOff
0.00000,NaN,NaN,NaN,NaN
0.02500,-2.40929,0.94120,-2.25743,0.90597
0.05000,-2.52649,0.72412,-2.45728,0.73163
0.10000,-3.13221,0.61234,-3.17213,0.56438
0.15000,-3.39604,0.55968,-3.71097,0.48224
0.20000,-3.70313,0.46658,-3.79211,0.42623
0.25000,-3.68296,0.43828,-3.99603,0.39440
0.30000,-4.10362,0.39731,-4.58923,0.34860
0.35000,-4.29746,0.38523,-4.72680,0.34290
0.40000,-4.51412,0.36132,-4.93067,0.30549
0.45000,-4.57964,0.34390,-5.10485,0.29615
0.50000,-4.75192,0.30745,-5.27396,0.27176
0.75000,-4.79977,0.26811,-5.24724,0.25284
1.00000,-4.86933,0.23998,-5.53588,0.22345
