x,y1,y1Margin,y2,y2Margin,y3,y3Margin,y4,y4Margin
0.00000,NaN,NaN,NaN,NaN,NaN,NaN,NaN,NaN
0.02500,-1.24639,0.02534,-0.08330,0.04633,0.71794,0.41289,0.59908,0.27945
0.05000,-1.02186,0.18957,-0.35082,0.21591,0.54266,0.37392,0.43477,0.24966
0.10000,-0.15232,0.39981,0.04563,0.45078,0.46339,0.43963,0.44867,0.25993
0.15000,-0.19962,0.11423,0.32318,0.41044,0.50651,0.41603,0.45633,0.28137
0.20000,0.31074,0.08669,0.21877,0.45448,0.43804,0.35395,0.43671,0.26417
0.25000,0.54631,0.26643,0.36506,0.36754,0.44207,0.32847,0.39251,0.24615
0.30000,0.71583,-0.08396,0.55020,0.22935,0.38655,0.29142,0.35763,0.21304
0.35000,0.46538,-0.01660,0.41675,0.18917,0.41245,0.33077,0.39138,0.19998
0.40000,0.58860,0.00139,0.52267,0.15265,0.36730,0.30907,0.34476,0.20689
0.45000,0.72474,-0.23452,0.63213,0.23172,0.35315,0.30566,0.33486,0.17982
0.50000,0.73586,-0.20105,0.61940,0.17275,0.33207,0.26902,0.29026,0.15289
0.75000,0.70005,-0.26904,0.62400,0.09933,0.26960,0.21190,0.24513,0.14562
1.00000,0.61376,-0.44788,0.90179,0.12152,0.25877,0.22001,0.21740,0.12996
