x,yOn,yMarginOn,yOff,yMarginOff
0.00000,NaN,NaN,0.00000,0.00000
0.02500,0.02443,0.01510,0.02627,0.01386
0.05000,0.03326,0.01646,0.04540,0.01745
0.10000,0.07163,0.02268,0.08844,0.02377
0.15000,0.10554,0.02548,0.12481,0.02674
0.20000,0.14560,0.02879,0.19689,0.03357
0.25000,0.17690,0.03221,0.23491,0.03562
0.30000,0.25782,0.03930,0.30990,0.04095
0.35000,0.29722,0.04016,0.34577,0.04280
0.40000,0.34350,0.04250,0.41140,0.04417
0.45000,0.39883,0.04490,0.45611,0.04571
0.50000,0.44065,0.04636,0.50240,0.04719
0.75000,0.68228,0.04778,0.71498,0.04601
1.00000,1.00000,0.00000,1.00000,0.00000
