x,yOn,yMarginOn,yOff,yMarginOff
0.00000,NaN,NaN,0.00000,0.00000
0.02500,0.03030,0.01679,0.02049,0.01183
0.05000,0.04422,0.01909,0.03458,0.01469
0.10000,0.07874,0.02339,0.08117,0.02310
0.15000,0.10915,0.02611,0.12082,0.02613
0.20000,0.16349,0.03164,0.17868,0.03118
0.25000,0.19510,0.03472,0.21676,0.03357
0.30000,0.25805,0.04037,0.30806,0.03991
0.35000,0.29311,0.04126,0.34782,0.04160
0.40000,0.33333,0.04371,0.41860,0.04279
0.45000,0.36794,0.04552,0.48250,0.04438
0.50000,0.39711,0.04737,0.53917,0.04506
0.75000,0.59047,0.05321,0.78680,0.03906
1.00000,1.00000,0.00000,1.00000,0.00000
