x,y1,y1Margin,y2,y2Margin,y3,y3Margin,y4,y4Margin
0.00000,0.00000,NaN,NaN,NaN,0.00000,NaN,NaN,NaN
0.02500,-0.00387,-0.00020,0.01136,0.00019,0.00775,0.00563,0.00853,0.00170
0.05000,-0.00572,-0.00649,0.01281,-0.00718,0.01174,0.00969,0.01126,0.00531
0.10000,-0.01614,-0.01855,0.00621,-0.01510,0.01486,0.01391,0.01521,0.00922
0.15000,-0.02117,-0.02219,-0.00011,-0.01703,0.01717,0.01592,0.01811,0.01099
0.20000,-0.00937,-0.05314,0.00142,-0.00871,0.02049,0.02026,0.02105,0.01237
0.25000,-0.02381,-0.05739,-0.01485,-0.00540,0.02407,0.01992,0.02549,0.01332
0.30000,-0.02898,-0.05116,-0.03226,-0.01180,0.02880,0.02100,0.02649,0.01445
0.35000,-0.03383,-0.05002,-0.03204,-0.00882,0.03083,0.02356,0.02940,0.01248
0.40000,-0.03922,-0.07400,-0.06990,-0.00046,0.03214,0.02678,0.03261,0.01398
0.45000,-0.03427,-0.06514,-0.09514,-0.00666,0.03448,0.02730,0.03364,0.01527
0.50000,-0.04666,-0.06138,-0.12560,-0.01124,0.03843,0.02906,0.03519,0.01456
0.75000,-0.08194,-0.04451,-0.17949,-0.00957,0.04033,0.03027,0.04089,0.01445
1.00000,0.00000,0.00000,0.00000,0.00000,0.00000,0.00000,0.00000,0.00000
