x,yOn,mOn,yOff,mOff
0.00,NaN,NaN,NaN,NaN
0.03,1.400000000e-01,3.752619563e-02,1.675000000e-01,4.038506829e-02
0.05,1.300000000e-01,2.756731311e-02,1.668750000e-01,3.117426959e-02
0.10,1.327083333e-01,2.172144107e-02,1.885416667e-01,2.630413365e-02
0.15,1.247916667e-01,1.880740300e-02,1.990416667e-01,2.478336829e-02
0.20,1.292708333e-01,1.764012570e-02,2.070982143e-01,2.248975939e-02
0.25,1.301006944e-01,1.566326226e-02,2.170555556e-01,2.124458854e-02
0.30,1.271250000e-01,1.484794241e-02,2.382348485e-01,2.188543742e-02
0.35,1.212893357e-01,1.432208519e-02,2.232014860e-01,2.071410849e-02
0.40,1.108981227e-01,1.302829968e-02,2.241490385e-01,1.988163691e-02
0.45,1.057187062e-01,1.282863511e-02,2.242298232e-01,1.951912917e-02
0.50,9.738975963e-02,1.172761681e-02,2.227674686e-01,1.917737854e-02