x,y1,y2,m1,m2
0.000,6.240000000e-01,5.422500000e-01,6.788833101e-02,6.667596243e-02
0.029,5.963750000e-01,5.260312500e-01,1.590274026e-02,1.601509709e-02
0.088,5.467187500e-01,4.851718750e-01,1.597147839e-02,1.589384690e-02
0.147,5.138437500e-01,4.565156250e-01,1.511815768e-02,1.496962248e-02
0.206,4.744062500e-01,4.180468750e-01,1.370997051e-02,1.393894081e-02
0.265,4.432031250e-01,3.899062500e-01,1.301834545e-02,1.314339496e-02
0.324,4.147187500e-01,3.597187500e-01,1.199571018e-02,1.226703782e-02
0.382,3.927187500e-01,3.399218750e-01,1.122899724e-02,1.160094284e-02
0.441,3.600937500e-01,3.130625000e-01,1.066345252e-02,1.087149541e-02
0.500,3.348906250e-01,2.876250000e-01,9.884569229e-03,1.041893962e-02