x,yOn,mOn,yOff,mOff
0.00,NaN,NaN,NaN,NaN
0.03,1.262500000e-01,3.520255027e-02,2.075000000e-01,4.298070408e-02
0.09,1.316666667e-01,2.354088809e-02,1.750000000e-01,2.570545519e-02
0.15,1.425000000e-01,2.250728011e-02,1.717500000e-01,2.347431471e-02
0.21,1.442857143e-01,1.992924687e-02,1.714285714e-01,2.125200516e-02
0.26,1.498611111e-01,1.914250997e-02,1.729166667e-01,2.049727126e-02
0.32,1.605681818e-01,1.856947349e-02,1.840909091e-01,1.894751332e-02
0.38,1.478846154e-01,1.740828490e-02,1.700961538e-01,1.778627373e-02
0.44,1.453333333e-01,1.681069360e-02,1.606666667e-01,1.766768273e-02
0.50,1.463235294e-01,1.665068295e-02,1.625735294e-01,1.735997182e-02