x,y1,y2,y3,y4,m1,m2,m3,m4
0.000,5.485000000e-01,NaN,NaN,NaN,4.959852794e-02,NaN,NaN,NaN
0.025,5.285312500e-01,5.277500000e-01,5.338125000e-01,5.346875000e-01,2.396566951e-02,2.436529713e-02,2.356312620e-02,2.354835327e-02
0.050,4.972812500e-01,5.019687500e-01,5.102812500e-01,5.107187500e-01,2.327801223e-02,2.374908639e-02,2.396022044e-02,2.393326534e-02
0.100,4.691562500e-01,4.736875000e-01,4.847187500e-01,4.838437500e-01,2.224213791e-02,2.250737649e-02,2.367739717e-02,2.369430636e-02
0.150,4.507187500e-01,4.483437500e-01,4.643750000e-01,4.644375000e-01,2.142455229e-02,2.142262277e-02,2.283719244e-02,2.285127820e-02
0.200,4.259687500e-01,4.216562500e-01,4.201562500e-01,4.206250000e-01,2.038222082e-02,2.050741853e-02,2.193304571e-02,2.196168910e-02
0.250,4.140625000e-01,4.034062500e-01,3.983437500e-01,3.985312500e-01,1.970188493e-02,1.970732222e-02,2.189556526e-02,2.191431588e-02
0.300,3.962500000e-01,3.858125000e-01,3.632500000e-01,3.634062500e-01,1.910395300e-02,1.858560561e-02,2.051062060e-02,2.053950503e-02
0.350,3.826250000e-01,3.668437500e-01,3.402500000e-01,3.400000000e-01,1.870268594e-02,1.731152139e-02,1.899803243e-02,1.896277131e-02
0.400,3.690000000e-01,3.484062500e-01,3.147187500e-01,3.149062500e-01,1.807911116e-02,1.682377558e-02,1.736442085e-02,1.737789893e-02
0.450,3.559687500e-01,3.280312500e-01,2.899375000e-01,2.899062500e-01,1.804084056e-02,1.606429730e-02,1.629803508e-02,1.630065700e-02
0.500,3.375000000e-01,3.089375000e-01,2.569687500e-01,2.569375000e-01,1.685243276e-02,1.489181714e-02,1.448959847e-02,1.448727881e-02