x,yOn,mOn,yOff,mOff
0.00,NaN,NaN,9.935000000e-01,9.515773466e-03
0.03,9.935000000e-01,4.654409426e-03,9.939166667e-01,4.612137951e-03
0.05,9.930892857e-01,4.737666514e-03,9.929404762e-01,4.982083162e-03
0.10,9.931488095e-01,5.253914859e-03,9.924404762e-01,5.512284710e-03
0.15,9.933571429e-01,5.031254189e-03,9.941904762e-01,4.662708153e-03
0.20,9.954940476e-01,4.376412973e-03,9.936369048e-01,5.449796681e-03
0.25,9.945476190e-01,5.118659490e-03,9.932619048e-01,5.775782016e-03
0.30,9.948392857e-01,4.380263282e-03,9.949404762e-01,4.442364631e-03
0.35,9.965773810e-01,3.686759409e-03,9.975178571e-01,3.251899760e-03
0.40,9.985714286e-01,2.437939525e-03,9.982142857e-01,2.908598524e-03
0.45,9.983214286e-01,2.667585548e-03,9.983928571e-01,2.857211508e-03
0.50,9.987500000e-01,2.377135386e-03,9.979166667e-01,3.510590802e-03