x,y1,y2,y3,y4,m1,m2,m3,m4
0.000,5.113235294e-01,NaN,NaN,NaN,5.952109066e-02,NaN,NaN,NaN
0.029,4.946590909e-01,4.994696970e-01,4.981818182e-01,4.966666667e-01,2.915678435e-02,2.927882756e-02,2.919167432e-02,2.932640331e-02
0.088,4.588306452e-01,4.663306452e-01,4.696774194e-01,4.692741935e-01,3.041198951e-02,3.090939442e-02,3.102644172e-02,3.099160923e-02
0.147,4.364655172e-01,4.521982759e-01,4.553879310e-01,4.553017241e-01,2.966305601e-02,2.948988533e-02,3.189062706e-02,3.186865140e-02
0.206,3.947222222e-01,4.092592593e-01,4.372222222e-01,4.372685185e-01,2.785131083e-02,2.801814398e-02,3.198415103e-02,3.198186808e-02
0.265,3.645500000e-01,3.752000000e-01,4.271000000e-01,4.271000000e-01,2.733956227e-02,2.796506320e-02,3.306866227e-02,3.306866227e-02
0.324,3.403260870e-01,3.394021739e-01,4.071195652e-01,4.069565217e-01,2.614472947e-02,2.618476483e-02,3.342020195e-02,3.341800286e-02
0.382,3.245833333e-01,3.279761905e-01,4.033333333e-01,4.034523810e-01,2.627762736e-02,2.552094071e-02,3.447432834e-02,3.449450704e-02
0.441,3.092105263e-01,2.975657895e-01,3.670394737e-01,3.671052632e-01,2.601306384e-02,2.579138209e-02,3.519763945e-02,3.521350918e-02
0.500,2.858823529e-01,2.656617647e-01,3.345588235e-01,3.352941176e-01,2.502244647e-02,2.418490626e-02,3.596410977e-02,3.596420660e-02