x,y1,y2,m1,m2
0.000,NaN,NaN,NaN,NaN
0.029,1.037500000e-01,6.312500000e-02,2.284665556e-02,1.822029977e-02
0.088,8.750000000e-02,6.583333333e-02,1.442453080e-02,1.275874026e-02
0.147,8.587500000e-02,7.125000000e-02,1.338174149e-02,1.245239413e-02
0.206,8.571428571e-02,7.214285714e-02,1.241300983e-02,1.133345550e-02
0.265,8.645833333e-02,7.493055556e-02,1.212144574e-02,1.109363354e-02
0.324,9.215909091e-02,8.039772727e-02,1.171304487e-02,1.105845609e-02
0.382,8.524038462e-02,7.403846154e-02,1.093345911e-02,1.031346548e-02
0.441,8.041666667e-02,7.270833333e-02,1.068503024e-02,1.001142574e-02
0.500,8.136029412e-02,7.319852941e-02,1.059920324e-02,9.964766327e-03