x,y1,y2,m1,m2
0.000,9.900000000e-01,NaN,1.562048850e-02,NaN
0.029,9.927083333e-01,9.925000000e-01,4.998313823e-03,4.943469809e-03
0.088,9.939583333e-01,9.930208333e-01,3.089899680e-03,3.722579350e-03
0.147,9.957291667e-01,9.939583333e-01,2.785781534e-03,3.302272800e-03
0.206,9.943750000e-01,9.945833333e-01,3.189468908e-03,3.031667919e-03
0.265,9.960416667e-01,9.952083333e-01,2.734346049e-03,2.972709867e-03
0.324,9.932291667e-01,9.902083333e-01,4.213943492e-03,4.960370274e-03
0.382,9.923958333e-01,9.929166667e-01,4.299429920e-03,4.247346536e-03
0.441,9.915625000e-01,9.902083333e-01,4.603921711e-03,4.940684429e-03
0.500,9.911458333e-01,9.907291667e-01,4.685216301e-03,5.014806284e-03