x,yOn,mOn,yOff,mOff
0.00,NaN,NaN,5.831250000e-01,4.767441888e-02
0.03,5.640312500e-01,2.281629440e-02,5.620312500e-01,2.277916705e-02
0.09,5.192500000e-01,2.272208145e-02,5.192187500e-01,2.271085313e-02
0.15,4.928437500e-01,2.066317011e-02,4.897500000e-01,2.134823740e-02
0.21,4.474687500e-01,1.859445401e-02,4.492812500e-01,1.944191647e-02
0.26,4.127187500e-01,1.727982842e-02,4.213750000e-01,1.825877704e-02
0.32,3.831250000e-01,1.547625442e-02,4.006562500e-01,1.708331755e-02
0.38,3.642500000e-01,1.413867093e-02,3.805312500e-01,1.641511267e-02
0.44,3.373125000e-01,1.334418404e-02,3.643750000e-01,1.565381075e-02
0.50,3.154687500e-01,1.260761297e-02,3.486562500e-01,1.530846245e-02