x,yOn,mOn,yOff,mOff
0.00,NaN,NaN,4.737322912e-01,5.341813788e-02
0.03,4.728610043e-01,1.828284998e-02,4.728610043e-01,1.843919579e-02
0.05,4.535510846e-01,1.866391812e-02,4.535510846e-01,1.882352263e-02
0.10,4.366674258e-01,1.865066964e-02,4.366674258e-01,1.881016086e-02
0.15,4.264788439e-01,1.910213822e-02,4.264788439e-01,1.926549017e-02
0.20,4.034441291e-01,1.920113586e-02,4.034441291e-01,1.936533439e-02
0.25,3.899053457e-01,1.989762450e-02,3.899053457e-01,2.006777905e-02
0.30,3.751878514e-01,1.986017721e-02,3.751878514e-01,2.003001153e-02
0.35,3.574491907e-01,1.981753422e-02,3.574491907e-01,1.998700389e-02
0.40,3.394841959e-01,1.969847974e-02,3.394841959e-01,1.986693131e-02
0.45,3.225521947e-01,1.998612696e-02,3.225521947e-01,2.015703835e-02
0.50,2.861517942e-01,1.932446036e-02,2.861517942e-01,1.948971350e-02