x,yOn,mOn,yOff,mOff
0.00,NaN,NaN,5.831250000e-01,4.767441888e-02
0.03,5.559062500e-01,2.281831993e-02,5.701562500e-01,2.267925515e-02
0.09,5.095312500e-01,2.272048693e-02,5.289375000e-01,2.259234910e-02
0.15,4.751875000e-01,2.109089954e-02,5.074062500e-01,2.070734246e-02
0.21,4.263750000e-01,1.851831455e-02,4.703750000e-01,1.916985767e-02
0.26,3.954375000e-01,1.743591540e-02,4.386562500e-01,1.776372054e-02
0.32,3.639375000e-01,1.618391830e-02,4.198437500e-01,1.584584422e-02
0.38,3.418437500e-01,1.491112605e-02,4.029375000e-01,1.500477373e-02
0.44,3.187500000e-01,1.379461312e-02,3.829375000e-01,1.455230715e-02
0.50,2.951875000e-01,1.271547031e-02,3.689375000e-01,1.433241688e-02