x,y1,y2,y3,y4,m1,m2,m3,m4
0.000,NaN,NaN,NaN,NaN,NaN,NaN,NaN,NaN
0.029,2.025000000e-01,1.312500000e-01,0.000000000e+00,0.000000000e+00,4.561075574e-02,3.832538034e-02,0.000000000e+00,0.000000000e+00
0.088,1.908333333e-01,1.158333333e-01,0.000000000e+00,0.000000000e+00,2.893016751e-02,2.306694031e-02,0.000000000e+00,0.000000000e+00
0.147,1.892500000e-01,1.250000000e-01,0.000000000e+00,0.000000000e+00,2.613776158e-02,2.255020415e-02,0.000000000e+00,0.000000000e+00
0.206,1.901785714e-01,1.255357143e-01,0.000000000e+00,0.000000000e+00,2.347692592e-02,2.000019637e-02,0.000000000e+00,0.000000000e+00
0.265,1.952777778e-01,1.275000000e-01,0.000000000e+00,0.000000000e+00,2.313750118e-02,1.845139651e-02,0.000000000e+00,0.000000000e+00
0.324,2.029545455e-01,1.417045455e-01,4.545454545e-04,0.000000000e+00,2.170699312e-02,1.775645003e-02,7.277685201e-04,0.000000000e+00
0.382,1.870192308e-01,1.309615385e-01,4.807692308e-04,9.615384615e-05,2.062404257e-02,1.636615081e-02,6.880573459e-04,3.084817380e-04
0.441,1.817500000e-01,1.242500000e-01,2.500000000e-04,0.000000000e+00,2.013870918e-02,1.602017685e-02,4.624853185e-04,0.000000000e+00
0.500,1.836029412e-01,1.252941176e-01,2.205882353e-04,0.000000000e+00,1.980143372e-02,1.584931758e-02,4.080752810e-04,0.000000000e+00