x,yOn,mOn,yOff,mOff
0.00,9.870000000e-01,1.911726030e-02,1.000000000e+00,0.000000000e+00
0.03,9.864940476e-01,4.673326184e-03,1.000000000e+00,0.000000000e+00
0.05,9.834196429e-01,6.038744527e-03,1.000000000e+00,0.000000000e+00
0.10,9.765327381e-01,7.274970011e-03,9.988750000e-01,1.231190673e-03
0.15,9.830833333e-01,5.552310804e-03,9.993750000e-01,9.625759306e-04
0.20,9.824821429e-01,5.939153988e-03,9.993750000e-01,9.625759306e-04
0.25,9.808660714e-01,6.747581083e-03,1.000000000e+00,0.000000000e+00
0.30,9.775386905e-01,7.312891763e-03,1.000000000e+00,0.000000000e+00
0.35,9.776130952e-01,7.363898435e-03,1.000000000e+00,0.000000000e+00
0.40,9.831666667e-01,6.802546635e-03,1.000000000e+00,0.000000000e+00
0.45,9.854642857e-01,6.311830785e-03,1.000000000e+00,0.000000000e+00
0.50,9.834404762e-01,7.169662700e-03,1.000000000e+00,0.000000000e+00