x,y1,y2,m1,m2
0.000,9.900000000e-01,NaN,1.562048850e-02,NaN
0.029,9.923958333e-01,9.928125000e-01,5.025447682e-03,4.916430877e-03
0.088,9.935416667e-01,9.934375000e-01,3.362986497e-03,3.483543369e-03
0.147,9.951041667e-01,9.945833333e-01,2.987044496e-03,3.126618338e-03
0.206,9.942708333e-01,9.946875000e-01,3.203980128e-03,3.016592240e-03
0.265,9.959375000e-01,9.953125000e-01,2.751620658e-03,2.957210072e-03
0.324,9.915625000e-01,9.918750000e-01,4.731892404e-03,4.482749320e-03
0.382,9.922916667e-01,9.930208333e-01,4.378683039e-03,4.167251878e-03
0.441,9.908333333e-01,9.909375000e-01,4.818010698e-03,4.737190468e-03
0.500,9.908333333e-01,9.910416667e-01,4.960549982e-03,4.748575175e-03