x,y1,y2,m1,m2
0.000,5.113235294e-01,NaN,5.567077600e-02,NaN
0.029,4.956628788e-01,4.988257576e-01,1.944086609e-02,1.927755154e-02
0.088,4.618548387e-01,4.702016129e-01,2.047311415e-02,2.036241492e-02
0.147,4.479525862e-01,4.517241379e-01,2.042827038e-02,2.031289007e-02
0.206,4.169212963e-01,4.223148148e-01,1.995333828e-02,1.991484867e-02
0.265,3.942250000e-01,4.027500000e-01,2.034761480e-02,2.026276520e-02
0.324,3.715217391e-01,3.753804348e-01,2.006844091e-02,2.001472335e-02
0.382,3.630059524e-01,3.666666667e-01,2.043193439e-02,2.039010273e-02
0.441,3.329276316e-01,3.375328947e-01,2.079071277e-02,2.044726504e-02
0.500,3.011029412e-01,3.095955882e-01,2.055900148e-02,2.052739291e-02