x,yOn,mOn,yOff,mOff
0.00,NaN,NaN,9.935000000e-01,9.515773466e-03
0.03,9.935000000e-01,4.654409426e-03,9.939166667e-01,4.612137951e-03
0.05,9.937678571e-01,4.591493161e-03,9.922619048e-01,5.118094465e-03
0.10,9.944345238e-01,4.354828295e-03,9.911547619e-01,6.253939408e-03
0.15,9.951428571e-01,3.944398664e-03,9.924047619e-01,5.623448793e-03
0.20,9.954940476e-01,4.376412973e-03,9.936369048e-01,5.449796681e-03
0.25,9.941190476e-01,5.525928464e-03,9.936904762e-01,5.381331250e-03
0.30,9.948392857e-01,4.241841895e-03,9.949404762e-01,4.576962607e-03
0.35,9.964166667e-01,3.606611323e-03,9.976785714e-01,3.341441462e-03
0.40,9.991071429e-01,1.809076076e-03,9.976785714e-01,3.341441462e-03
0.45,9.988571429e-01,2.109111821e-03,9.978571429e-01,3.297153241e-03
0.50,9.989880952e-01,2.604659419e-03,9.976785714e-01,3.341441462e-03