x,y1,y2,m1,m2
0.000,5.485000000e-01,NaN,4.648372107e-02,NaN
0.025,5.382656250e-01,5.241250000e-01,1.565384700e-02,1.597612498e-02
0.050,5.140625000e-01,4.960625000e-01,1.555960467e-02,1.589563221e-02
0.100,4.880937500e-01,4.676093750e-01,1.510580155e-02,1.542837181e-02
0.150,4.675156250e-01,4.464218750e-01,1.466402201e-02,1.468892005e-02
0.200,4.378437500e-01,4.063593750e-01,1.395784575e-02,1.407372023e-02
0.250,4.175000000e-01,3.896718750e-01,1.373904122e-02,1.383258591e-02
0.300,3.992968750e-01,3.550625000e-01,1.322557223e-02,1.278254004e-02
0.350,3.774843750e-01,3.373750000e-01,1.261239715e-02,1.189359220e-02
0.400,3.580937500e-01,3.154218750e-01,1.216335456e-02,1.095290100e-02
0.450,3.406875000e-01,2.912343750e-01,1.191566637e-02,1.025960411e-02
0.500,3.135468750e-01,2.666250000e-01,1.123675661e-02,9.224780343e-03