x,y1,y2,m1,m2
0.000,NaN,NaN,NaN,NaN
0.025,1.175000000e-01,6.250000000e-02,2.461765851e-02,1.850529870e-02
0.050,1.137500000e-01,7.000000000e-02,1.933049483e-02,1.506835919e-02
0.100,1.258333333e-01,8.291666667e-02,1.684320319e-02,1.397932574e-02
0.150,1.272500000e-01,9.300000000e-02,1.639231195e-02,1.403896156e-02
0.200,1.179613095e-01,9.947916667e-02,1.425420767e-02,1.365800838e-02
0.250,1.167222222e-01,1.060486111e-01,1.347097639e-02,1.348315020e-02
0.300,1.253156566e-01,1.182550505e-01,1.393073884e-02,1.477044659e-02
0.350,1.190996503e-01,1.110387529e-01,1.348055998e-02,1.383131375e-02
0.400,1.139372711e-01,1.156886447e-01,1.272352417e-02,1.387210103e-02
0.450,1.146919643e-01,1.153461134e-01,1.256514976e-02,1.382898293e-02
0.500,1.114683415e-01,1.156903702e-01,1.239146602e-02,1.369604853e-02