x,yOn,mOn,yOff,mOff
0.00,NaN,NaN,5.831250000e-01,4.767441888e-02
0.03,5.645937500e-01,2.267944045e-02,5.614687500e-01,2.284541324e-02
0.09,5.241250000e-01,2.262532097e-02,5.143437500e-01,2.272520205e-02
0.15,4.919062500e-01,2.092403754e-02,4.906875000e-01,2.102151470e-02
0.21,4.495625000e-01,1.894889589e-02,4.471875000e-01,1.902838063e-02
0.26,4.188750000e-01,1.769984689e-02,4.152187500e-01,1.779656092e-02
0.32,3.908437500e-01,1.625921272e-02,3.929375000e-01,1.632497761e-02
0.38,3.699687500e-01,1.519701285e-02,3.748125000e-01,1.541534250e-02
0.44,3.503750000e-01,1.430061703e-02,3.513125000e-01,1.486213242e-02
0.50,3.303437500e-01,1.396359276e-02,3.337812500e-01,1.423176693e-02