x,yOn,mOn,yOff,mOff
0.00,NaN,NaN,5.113235294e-01,5.567077600e-02
0.03,4.994696970e-01,2.738462276e-02,4.946590909e-01,2.730391043e-02
0.09,4.663306452e-01,2.890969948e-02,4.588306452e-01,2.847934901e-02
0.15,4.521982759e-01,2.758202607e-02,4.364655172e-01,2.777800921e-02
0.21,4.092592593e-01,2.620549959e-02,3.947222222e-01,2.608139796e-02
0.26,3.752000000e-01,2.615585289e-02,3.645500000e-01,2.560217033e-02
0.32,3.394021739e-01,2.449073159e-02,3.403260870e-01,2.448326753e-02
0.38,3.279761905e-01,2.386985382e-02,3.245833333e-01,2.460771994e-02
0.44,2.975657895e-01,2.412279890e-02,3.092105263e-01,2.435996907e-02
0.50,2.656617647e-01,2.262025462e-02,2.858823529e-01,2.343230409e-02