x,yOn,mOn,yOff,mOff
0.00,4.644117647e-01,7.769457460e-02,5.582352941e-01,7.953153975e-02
0.03,4.612121212e-01,2.690449783e-02,5.329166667e-01,2.745238280e-02
0.09,4.288306452e-01,2.843067809e-02,4.963306452e-01,2.873195470e-02
0.15,4.173706897e-01,2.778738981e-02,4.712931034e-01,2.750516501e-02
0.21,3.773148148e-01,2.681645472e-02,4.266666667e-01,2.540788910e-02
0.26,3.438500000e-01,2.620525381e-02,3.959000000e-01,2.546564474e-02
0.32,3.148369565e-01,2.452755250e-02,3.648913043e-01,2.433904761e-02
0.38,3.057738095e-01,2.480910059e-02,3.467857143e-01,2.363887428e-02
0.44,2.873026316e-01,2.475778156e-02,3.194736842e-01,2.379147831e-02
0.50,2.495588235e-01,2.274596346e-02,3.019852941e-01,2.318659324e-02