x,yOn,mOn,yOff,mOff
0.00,5.422500000e-01,6.667596243e-02,6.240000000e-01,6.788833101e-02
0.03,5.322812500e-01,2.256593943e-02,5.937812500e-01,2.272675056e-02
0.09,4.912812500e-01,2.272915694e-02,5.471875000e-01,2.248089862e-02
0.15,4.684687500e-01,2.127870724e-02,5.141250000e-01,2.060182209e-02
0.21,4.266250000e-01,1.955878874e-02,4.701250000e-01,1.831719192e-02
0.26,3.962500000e-01,1.829868505e-02,4.378437500e-01,1.709014336e-02
0.32,3.720937500e-01,1.704400315e-02,4.116875000e-01,1.539823326e-02
0.38,3.565000000e-01,1.629247699e-02,3.882812500e-01,1.422890647e-02
0.44,3.385000000e-01,1.548404355e-02,3.631875000e-01,1.365861588e-02
0.50,3.178437500e-01,1.514705844e-02,3.462812500e-01,1.295100219e-02