x,y1,y2,y3,y4,m1,m2,m3,m4
0.000,-9.382352941e-02,NaN,NaN,NaN,5.717237981e-02,NaN,NaN,NaN
0.029,-7.170454545e-02,4.810606061e-03,-1.655303030e-02,6.098484848e-03,2.070270608e-02,1.002720120e-02,1.166053955e-02,4.898627285e-03
0.088,-6.750000000e-02,7.500000000e-03,-2.080645161e-02,1.685483871e-02,2.103868449e-02,1.295289832e-02,1.394415814e-02,7.959370439e-03
0.147,-5.392241379e-02,1.573275862e-02,-3.478448276e-02,6.939655172e-03,2.169488969e-02,1.354361083e-02,1.568701086e-02,9.152427245e-03
0.206,-4.935185185e-02,1.453703704e-02,-4.694444444e-02,1.037037037e-02,2.225947851e-02,1.585248362e-02,1.786687370e-02,9.489178728e-03
0.265,-5.205000000e-02,1.065000000e-02,-3.825000000e-02,1.445000000e-02,2.311185485e-02,1.558681299e-02,1.847059479e-02,9.286734620e-03
0.324,-5.005434783e-02,-9.239130435e-04,-4.842391304e-02,7.445652174e-03,2.139502583e-02,1.397393173e-02,1.900808583e-02,1.032154962e-02
0.382,-4.101190476e-02,3.392857143e-03,-5.148809524e-02,4.583333333e-03,2.203481512e-02,1.538547821e-02,1.973847465e-02,1.011104349e-02
0.441,-3.217105263e-02,-1.164473684e-02,-5.269736842e-02,9.934210526e-03,2.227507109e-02,1.535780085e-02,1.872659258e-02,1.041322848e-02
0.500,-5.242647059e-02,-2.022058824e-02,-6.316176471e-02,7.426470588e-03,2.387858972e-02,1.642529946e-02,1.843746429e-02,9.669813929e-03