x,y1,y2,y3,y4,m1,m2,m3,m4
0.000,9.935000000e-01,NaN,NaN,NaN,1.015341167e-02,NaN,NaN,NaN
0.025,9.943333333e-01,9.943333333e-01,9.927857143e-01,9.927857143e-01,4.833583590e-03,4.797027366e-03,5.095311641e-03,5.095311641e-03
0.050,9.911904762e-01,9.926190476e-01,9.907619048e-01,9.907619048e-01,6.156921982e-03,5.171622416e-03,7.507463733e-03,7.507463733e-03
0.100,9.896904762e-01,9.921190476e-01,9.838452381e-01,9.838452381e-01,7.193957757e-03,6.163847024e-03,9.379332707e-03,9.379332707e-03
0.150,9.916904762e-01,9.931190476e-01,9.884166667e-01,9.884166667e-01,6.435277681e-03,5.493532293e-03,6.898728504e-03,6.898728504e-03
0.200,9.926904762e-01,9.936904762e-01,9.885238095e-01,9.885238095e-01,6.238050599e-03,5.986513060e-03,7.283171965e-03,7.283171965e-03
0.250,9.941904762e-01,9.931904762e-01,9.881071429e-01,9.881071429e-01,5.510757548e-03,5.693219626e-03,7.737490742e-03,7.737490742e-03
0.300,9.949404762e-01,9.949404762e-01,9.833571429e-01,9.833571429e-01,4.885720054e-03,4.848769523e-03,9.913724825e-03,9.913724825e-03
0.350,9.978571429e-01,9.978571429e-01,9.808571429e-01,9.808571429e-01,3.519575992e-03,3.492957561e-03,1.049135573e-02,1.049135573e-02
0.400,9.971428571e-01,9.978571429e-01,9.847738095e-01,9.847738095e-01,3.704361719e-03,3.492957561e-03,9.879533677e-03,9.879533677e-03
0.450,9.978571429e-01,9.978571429e-01,9.856071429e-01,9.856071429e-01,3.519575992e-03,3.492957561e-03,9.416077138e-03,9.416077138e-03
0.500,9.978571429e-01,9.978571429e-01,9.866071429e-01,9.866071429e-01,3.519575992e-03,3.492957561e-03,1.005975554e-02,1.005975554e-02