x,y1,y2,m1,m2
0.000,NaN,NaN,NaN,NaN
0.025,8.375000000e-02,7.000000000e-02,2.117726418e-02,1.950567334e-02
0.050,8.343750000e-02,6.500000000e-02,1.683729663e-02,1.464796968e-02
0.100,9.427083333e-02,6.635416667e-02,1.499359611e-02,1.198389358e-02
0.150,9.952083333e-02,6.239583333e-02,1.453764727e-02,1.054172670e-02
0.200,1.036383929e-01,6.463541667e-02,1.374776015e-02,1.010748627e-02
0.250,1.085277778e-01,6.505034722e-02,1.347589315e-02,9.275074165e-03
0.300,1.191174242e-01,6.356250000e-02,1.423356437e-02,8.870931596e-03
0.350,1.116007430e-01,6.064466783e-02,1.341611161e-02,8.528944914e-03
0.400,1.121191621e-01,5.544906136e-02,1.311976065e-02,7.770253109e-03
0.450,1.121149116e-01,5.285935312e-02,1.298662252e-02,7.579424723e-03
0.500,1.113837343e-01,4.869487982e-02,1.282159178e-02,6.944131841e-03