x,y1,y2,y3,y4,m1,m2,m3,m4
0.000,-1.300000000e-02,NaN,NaN,NaN,1.773760014e-02,NaN,NaN,NaN
0.025,-1.350595238e-02,0.000000000e+00,-2.083333333e-04,-2.083333333e-04,4.349337760e-03,0.000000000e+00,4.184789639e-04,4.184789639e-04
0.050,-1.658035714e-02,2.083333333e-04,3.958333333e-04,7.440476190e-05,5.620095530e-03,1.379390730e-03,1.222145292e-03,5.876155388e-04
0.100,-2.234226190e-02,1.488095238e-04,4.077380952e-04,3.541666667e-04,6.692321037e-03,2.314780458e-03,3.191695920e-03,8.307955424e-04
0.150,-1.629166667e-02,-5.952380952e-05,1.636904762e-03,-4.166666667e-04,5.254834306e-03,2.470715542e-03,2.155781551e-03,9.358645180e-04
0.200,-1.689285714e-02,7.857142857e-04,-3.035714286e-04,9.285714286e-04,5.609593606e-03,3.309194215e-03,2.300213423e-03,1.531047966e-03
0.250,-1.913392857e-02,-1.142857143e-03,-9.315476190e-04,3.303571429e-04,6.279790462e-03,3.529708720e-03,3.871616101e-03,1.693338098e-03
0.300,-2.246130952e-02,-1.113095238e-03,-7.589285714e-04,-5.059523810e-05,6.805909759e-03,1.987108088e-03,1.621320486e-03,6.866983351e-04
0.350,-2.238690476e-02,-8.214285714e-04,-9.226190476e-04,-4.702380952e-04,6.853380283e-03,2.381333801e-03,2.365882451e-03,9.774099570e-04
0.400,-1.683333333e-02,-3.571428571e-04,7.142857143e-04,-2.976190476e-05,6.330945408e-03,1.761026690e-03,1.896193644e-03,9.737985159e-04
0.450,-1.453571429e-02,-1.142857143e-03,1.416666667e-03,2.976190476e-04,5.874249494e-03,1.963302214e-03,1.815703186e-03,1.202361858e-03
0.500,-1.655952381e-02,4.761904762e-04,-3.452380952e-04,4.166666667e-04,6.672610360e-03,2.478964185e-03,2.231211297e-03,1.426775423e-03