x,y1,y2,m1,m2
0.000,5.582352941e-01,4.644117647e-01,7.953153975e-02,7.769457460e-02
0.029,5.387121212e-01,4.557765152e-01,1.922582218e-02,1.919031680e-02
0.088,5.042137097e-01,4.278427419e-01,2.047967025e-02,2.016895498e-02
0.147,4.867241379e-01,4.129525862e-01,2.053999191e-02,2.003447920e-02
0.206,4.571759259e-01,3.820601852e-01,1.982919929e-02,1.984960338e-02
0.265,4.372000000e-01,3.597750000e-01,2.040650444e-02,2.000158420e-02
0.324,4.157065217e-01,3.311956522e-01,2.041209478e-02,1.936207874e-02
0.382,4.092559524e-01,3.204166667e-01,2.081380931e-02,1.965679388e-02
0.441,3.780263158e-01,2.924342105e-01,2.136103547e-02,1.954818081e-02
0.500,3.555514706e-01,2.551470588e-01,2.129690663e-02,1.925840940e-02