x,yOn,mOn,yOff,mOff
0.00,NaN,NaN,9.900000000e-01,1.562048850e-02
0.03,9.912500000e-01,7.289338786e-03,9.925000000e-01,7.163842930e-03
0.09,9.943750000e-01,4.514588941e-03,9.954166667e-01,4.067909786e-03
0.15,9.958333333e-01,3.931377913e-03,9.977083333e-01,2.886937490e-03
0.21,9.950000000e-01,4.115189812e-03,9.970833333e-01,3.081590219e-03
0.26,9.968750000e-01,3.466953489e-03,9.972916667e-01,3.147927223e-03
0.32,9.933333333e-01,5.407103432e-03,9.943750000e-01,4.649977399e-03
0.38,9.966666667e-01,3.291010656e-03,9.956250000e-01,4.021146743e-03
0.44,9.958333333e-01,4.029677533e-03,9.956250000e-01,4.119360711e-03
0.50,9.954166667e-01,4.738962540e-03,9.941666667e-01,4.857322868e-03