x,y1,y2,y3,y4,m1,m2,m3,m4
0.000,-1.085000000e-01,NaN,NaN,NaN,5.055233447e-02,NaN,NaN,NaN
0.025,-1.003906250e-01,-7.812500000e-04,-1.414062500e-02,7.812500000e-05,1.227111065e-02,6.983962967e-03,5.592148876e-03,1.643314709e-03
0.050,-9.362500000e-02,4.687500000e-03,-1.800000000e-02,2.125000000e-03,1.183908761e-02,7.200357349e-03,6.384304032e-03,2.698115714e-03
0.100,-7.826562500e-02,4.531250000e-03,-2.048437500e-02,1.328125000e-03,1.126876209e-02,8.605434395e-03,6.879293779e-03,2.764575493e-03
0.150,-8.387500000e-02,-2.375000000e-03,-2.109375000e-02,2.281250000e-03,1.130606381e-02,9.013512155e-03,7.411570037e-03,2.980278968e-03
0.200,-7.692187500e-02,-4.312500000e-03,-3.148437500e-02,1.171875000e-03,1.090020720e-02,9.293521483e-03,8.251161995e-03,3.025867754e-03
0.250,-6.585937500e-02,-1.065625000e-02,-2.782812500e-02,2.359375000e-03,1.051623395e-02,9.791960070e-03,7.894050754e-03,3.052888093e-03
0.300,-6.345312500e-02,-1.043750000e-02,-4.423437500e-02,1.484375000e-03,1.057807536e-02,9.541694207e-03,8.755100919e-03,2.840201392e-03
0.350,-5.857812500e-02,-1.578125000e-02,-4.010937500e-02,1.203125000e-03,9.950314238e-03,9.676689695e-03,8.145437820e-03,3.132157411e-03
0.400,-5.051562500e-02,-2.059375000e-02,-4.267187500e-02,1.484375000e-03,9.680818480e-03,9.313076658e-03,7.869147750e-03,3.178440771e-03
0.450,-4.351562500e-02,-2.793750000e-02,-4.945312500e-02,5.468750000e-04,9.416357362e-03,1.040863573e-02,7.897012605e-03,3.438653033e-03
0.500,-3.392187500e-02,-2.856250000e-02,-4.692187500e-02,-1.140625000e-03,8.751414063e-03,9.873334323e-03,7.591671497e-03,3.243045949e-03