x,y1,y2,m1,m2
0.000,1.000000000e+00,9.870000000e-01,0.000000000e+00,1.911726030e-02
0.025,1.000000000e+00,9.871190476e-01,0.000000000e+00,4.617225182e-03
0.050,1.000000000e+00,9.826666667e-01,0.000000000e+00,6.202747967e-03
0.100,9.987500000e-01,9.760000000e-01,1.359580991e-03,7.466171647e-03
0.150,9.987500000e-01,9.820714286e-01,1.359580991e-03,5.862041270e-03
0.200,9.987500000e-01,9.829642857e-01,1.359580991e-03,6.132285145e-03
0.250,1.000000000e+00,9.817976190e-01,0.000000000e+00,6.295979901e-03
0.300,1.000000000e+00,9.782976190e-01,0.000000000e+00,7.295560759e-03
0.350,1.000000000e+00,9.787142857e-01,0.000000000e+00,7.345130223e-03
0.400,1.000000000e+00,9.822738095e-01,0.000000000e+00,6.980715378e-03
0.450,1.000000000e+00,9.834642857e-01,0.000000000e+00,6.673921328e-03
0.500,1.000000000e+00,9.844642857e-01,0.000000000e+00,7.081543271e-03