x,y1,y2,m1,m2
0.000,5.485000000e-01,NaN,4.648372107e-02,NaN
0.025,5.311562500e-01,5.312343750e-01,1.587308613e-02,1.578054645e-02
0.050,5.040000000e-01,5.061250000e-01,1.581681286e-02,1.567388677e-02
0.100,4.771875000e-01,4.785156250e-01,1.535135813e-02,1.522836245e-02
0.150,4.558281250e-01,4.581093750e-01,1.475750805e-02,1.464053731e-02
0.200,4.215156250e-01,4.226875000e-01,1.409346355e-02,1.404358409e-02
0.250,4.024062500e-01,4.047656250e-01,1.384722627e-02,1.380771920e-02
0.300,3.764375000e-01,3.779218750e-01,1.309543734e-02,1.313286550e-02
0.350,3.568281250e-01,3.580312500e-01,1.236569902e-02,1.233744045e-02
0.400,3.360156250e-01,3.375000000e-01,1.168884086e-02,1.167937021e-02
0.450,3.156875000e-01,3.162343750e-01,1.130606280e-02,1.123931463e-02
0.500,2.906562500e-01,2.895156250e-01,1.051123901e-02,1.034594597e-02