x,yOn,mOn,yOff,mOff
0.00,NaN,NaN,5.113235294e-01,5.567077600e-02
0.03,4.887878788e-01,2.737838717e-02,5.053409091e-01,2.719665396e-02
0.09,4.521774194e-01,2.877419372e-02,4.729838710e-01,2.848966102e-02
0.15,4.269396552e-01,2.804371955e-02,4.617241379e-01,2.711063000e-02
0.21,3.785185185e-01,2.595445095e-02,4.254629630e-01,2.603530523e-02
0.26,3.507500000e-01,2.608827595e-02,3.890000000e-01,2.543764549e-02
0.32,3.156521739e-01,2.513610637e-02,3.640760870e-01,2.344029620e-02
0.38,3.005357143e-01,2.492433656e-02,3.520238095e-01,2.311046285e-02
0.44,2.770394737e-01,2.465364311e-02,3.297368421e-01,2.341073324e-02
0.50,2.441911765e-01,2.313014551e-02,3.073529412e-01,2.239024483e-02