x,yOn,mOn,yOff,mOff
0.00,NaN,NaN,NaN,NaN
0.03,1.450000000e-01,3.814091029e-02,2.150000000e-01,4.450184879e-02
0.05,1.400000000e-01,2.822662038e-02,2.275000000e-01,3.459479610e-02
0.10,1.662500000e-01,2.477899324e-02,2.512500000e-01,2.788852831e-02
0.15,1.756666667e-01,2.305743053e-02,2.648333333e-01,2.714154433e-02
0.20,1.769940476e-01,2.000750125e-02,2.578869048e-01,2.398858467e-02
0.25,1.783888889e-01,1.775223423e-02,2.671527778e-01,2.272260485e-02
0.30,2.054494949e-01,2.007880625e-02,2.816919192e-01,2.285794793e-02
0.35,1.888636364e-01,1.856442084e-02,2.714131702e-01,2.219373459e-02
0.40,1.842289377e-01,1.778259272e-02,2.746657509e-01,2.101231691e-02
0.45,1.857773109e-01,1.760657591e-02,2.742988445e-01,2.061553963e-02
0.50,1.854495829e-01,1.776339878e-02,2.688678406e-01,2.020284522e-02