x,yOn,mOn,yOff,mOff
0.00,NaN,NaN,NaN,NaN
0.03,1.525000000e-01,3.810391632e-02,1.812500000e-01,4.083001163e-02
0.09,1.379166667e-01,2.441507051e-02,1.687500000e-01,2.498110367e-02
0.15,1.330000000e-01,2.228589134e-02,1.812500000e-01,2.350934312e-02
0.21,1.312500000e-01,1.975447602e-02,1.844642857e-01,2.113801437e-02
0.26,1.423611111e-01,2.041357939e-02,1.804166667e-01,1.909740121e-02
0.32,1.542045455e-01,1.961468287e-02,1.904545455e-01,1.774330216e-02
0.38,1.434615385e-01,1.851443991e-02,1.745192308e-01,1.655199605e-02
0.44,1.408333333e-01,1.857073596e-02,1.651666667e-01,1.574385440e-02
0.50,1.478676471e-01,1.848967051e-02,1.610294118e-01,1.540312103e-02