x,y1,y2,y3,y4,m1,m2,m3,m4
0.000,NaN,NaN,NaN,NaN,NaN,NaN,NaN,NaN
0.029,-2.875000000e-02,-7.125000000e-02,-2.125000000e-02,-8.125000000e-02,3.341898631e-02,3.050519742e-02,2.617327732e-02,2.819330074e-02
0.088,-3.083333333e-02,-7.500000000e-02,-4.166666667e-02,-4.333333333e-02,2.051444147e-02,1.838438121e-02,1.637387506e-02,1.531273788e-02
0.147,-4.825000000e-02,-6.425000000e-02,-5.475000000e-02,-2.925000000e-02,1.830298629e-02,1.571459131e-02,1.785624116e-02,1.224430608e-02
0.206,-5.321428571e-02,-6.464285714e-02,-7.142857143e-02,-2.714285714e-02,1.658974447e-02,1.436669990e-02,1.703754036e-02,1.029183026e-02
0.265,-3.805555556e-02,-6.777777778e-02,-8.583333333e-02,-2.305555556e-02,1.538975052e-02,1.317412024e-02,1.749841509e-02,9.173327972e-03
0.324,-3.625000000e-02,-6.125000000e-02,-1.010227273e-01,-2.352272727e-02,1.568681826e-02,1.144245378e-02,1.817610453e-02,8.826724838e-03
0.382,-3.105769231e-02,-5.605769231e-02,-1.049038462e-01,-2.221153846e-02,1.428819955e-02,1.164911631e-02,1.709865155e-02,7.139848813e-03
0.441,-2.433333333e-02,-5.750000000e-02,-1.041666667e-01,-1.533333333e-02,1.472835993e-02,1.157140208e-02,1.682302344e-02,6.670236742e-03
0.500,-1.316176471e-02,-5.830882353e-02,-1.109558824e-01,-1.625000000e-02,1.454777688e-02,1.166065960e-02,1.691507739e-02,7.174569768e-03