x,y1,y2,m1,m2
0.000,5.113235294e-01,NaN,5.567077600e-02,NaN
0.029,5.034280303e-01,4.910606061e-01,1.932679152e-02,1.937915695e-02
0.088,4.729838710e-01,4.590725806e-01,2.046099991e-02,2.036579783e-02
0.147,4.598060345e-01,4.398706897e-01,2.024293111e-02,2.046745381e-02
0.206,4.349768519e-01,4.042592593e-01,1.984177986e-02,1.995946337e-02
0.265,4.126000000e-01,3.843750000e-01,2.012766663e-02,2.042699191e-02
0.324,3.931250000e-01,3.537771739e-01,1.956126169e-02,2.039509896e-02
0.382,3.840773810e-01,3.455952381e-01,1.990002217e-02,2.079993317e-02
0.441,3.565131579e-01,3.139473684e-01,2.031605382e-02,2.078855960e-02
0.500,3.298161765e-01,2.808823529e-01,2.053252877e-02,2.039412618e-02