x,yOn,yMarginOn,yOff,yMarginOff
0.00000,NaN,NaN,0.54850,0.04685
0.02500,0.52775,0.02322,0.52859,0.02267
0.05000,0.50197,0.02263,0.49766,0.02201
0.10000,0.47375,0.02144,0.46975,0.02104
0.15000,0.44841,0.02043,0.45084,0.02023
0.20000,0.42103,0.01952,0.42637,0.01923
0.25000,0.40275,0.01876,0.41428,0.01861
0.30000,0.38569,0.01770,0.39728,0.01807
0.35000,0.36656,0.01650,0.38294,0.01769
0.40000,0.34872,0.01602,0.36941,0.01711
0.45000,0.32803,0.01530,0.35672,0.01705
0.50000,0.30872,0.01415,0.33788,0.01593
0.75000,0.28225,0.01342,0.31488,0.01534
1.00000,0.25991,0.01367,0.29925,0.01597
