x,yOn,yMarginOn,yOff,yMarginOff
0.00000,NaN,NaN,0.54850,0.04685
0.02500,0.52828,0.02300,0.52806,0.02288
0.05000,0.50159,0.02233,0.49803,0.02232
0.10000,0.47397,0.02124,0.46953,0.02125
0.15000,0.45113,0.02038,0.44813,0.02029
0.20000,0.42478,0.01948,0.42262,0.01928
0.25000,0.41084,0.01876,0.40619,0.01862
0.30000,0.39253,0.01804,0.39044,0.01776
0.35000,0.37622,0.01718,0.37328,0.01707
0.40000,0.36034,0.01668,0.35778,0.01655
0.45000,0.34266,0.01627,0.34209,0.01628
0.50000,0.32341,0.01503,0.32319,0.01527
0.75000,0.29728,0.01429,0.29984,0.01476
1.00000,0.27919,0.01475,0.27997,0.01530
