x,yOn,yMarginOn,yOff,yMarginOff
0.00000,NaN,NaN,0.54850,0.04685
0.02500,0.51734,0.02333,0.53900,0.02248
0.05000,0.48697,0.02282,0.51266,0.02173
0.10000,0.45803,0.02167,0.48547,0.02070
0.15000,0.43372,0.02045,0.46553,0.02006
0.20000,0.40084,0.01936,0.44656,0.01908
0.25000,0.38600,0.01868,0.43103,0.01837
0.30000,0.35706,0.01732,0.42591,0.01767
0.35000,0.34212,0.01624,0.40738,0.01724
0.40000,0.32156,0.01514,0.39656,0.01699
0.45000,0.30016,0.01438,0.38459,0.01673
0.50000,0.28069,0.01275,0.36591,0.01589
0.75000,0.24331,0.01053,0.35381,0.01539
1.00000,0.21356,0.00922,0.34559,0.01615
