x,yOn,yMarginOn,yOff,yMarginOff
0.00000,0.00000,0.00000,0.11843,0.02621
0.02500,0.45926,0.02719,0.45815,0.02700
0.05000,0.43638,0.02705,0.42963,0.02704
0.10000,0.41352,0.02649,0.40363,0.02623
0.15000,0.39757,0.02664,0.38774,0.02613
0.20000,0.37217,0.02637,0.36352,0.02584
0.25000,0.36101,0.02648,0.35034,0.02591
0.30000,0.33928,0.02586,0.33102,0.02509
0.35000,0.32811,0.02511,0.31603,0.02448
0.40000,0.31060,0.02548,0.30061,0.02465
0.45000,0.28736,0.02478,0.28049,0.02411
0.50000,0.26077,0.02246,0.25428,0.02223
0.75000,0.23219,0.02346,0.22814,0.02363
1.00000,NaN,NaN,NaN,NaN
