x,yOn,yMarginOn,yOff,yMarginOff
0.00000,0.00000,0.00000,0.11843,0.02621
0.02500,0.44612,0.02760,0.47129,0.02651
0.05000,0.41810,0.02774,0.44791,0.02624
0.10000,0.39374,0.02703,0.42341,0.02559
0.15000,0.37712,0.02677,0.40819,0.02590
0.20000,0.34381,0.02652,0.39187,0.02542
0.25000,0.33508,0.02673,0.37626,0.02547
0.30000,0.30108,0.02548,0.36921,0.02493
0.35000,0.29086,0.02456,0.35329,0.02458
0.40000,0.26971,0.02446,0.34150,0.02506
0.45000,0.24240,0.02331,0.32545,0.02470
0.50000,0.22046,0.02115,0.29459,0.02276
0.75000,0.18891,0.02203,0.27142,0.02413
1.00000,NaN,NaN,NaN,NaN
