x,yOn,yMarginOn,yOff,yMarginOff
0.00000,0.05134,0.01748,0.06709,0.02157
0.02500,0.40360,0.02553,0.51381,0.02726
0.05000,0.38612,0.02600,0.47989,0.02710
0.10000,0.37534,0.02513,0.44181,0.02706
0.15000,0.35701,0.02548,0.42829,0.02670
0.20000,0.33584,0.02528,0.39984,0.02645
0.25000,0.33018,0.02539,0.38116,0.02671
0.30000,0.31128,0.02459,0.35902,0.02609
0.35000,0.30094,0.02406,0.34321,0.02532
0.40000,0.29003,0.02444,0.32117,0.02558
0.45000,0.26535,0.02377,0.30251,0.02495
0.50000,0.24425,0.02187,0.27080,0.02272
0.75000,0.22855,0.02312,0.23179,0.02397
1.00000,NaN,NaN,NaN,NaN
