x,yOn,yMarginOn,yOff,yMarginOff
0.00000,0.00000,0.00000,0.11843,0.02621
0.02500,0.45942,0.02750,0.45799,0.02669
0.05000,0.43805,0.02751,0.42796,0.02657
0.10000,0.41495,0.02694,0.40221,0.02576
0.15000,0.39723,0.02709,0.38808,0.02566
0.20000,0.37145,0.02694,0.36423,0.02525
0.25000,0.35637,0.02700,0.35498,0.02539
0.30000,0.33610,0.02616,0.33420,0.02479
0.35000,0.32140,0.02532,0.32275,0.02429
0.40000,0.30253,0.02559,0.30867,0.02455
0.45000,0.27435,0.02462,0.29351,0.02423
0.50000,0.24672,0.02230,0.26833,0.02233
0.75000,0.21648,0.02347,0.24386,0.02353
1.00000,NaN,NaN,NaN,NaN
