x,y1,y1Margin,y2,y2Margin,y3,y3Margin,y4,y4Margin
0.00000,NaN,NaN,NaN,NaN,NaN,NaN,NaN,NaN
0.02500,-0.12500,-0.07500,-0.02750,-0.02750,0.03794,0.02889,0.02699,0.01966
0.05000,-0.12375,-0.07375,-0.03625,-0.03625,0.02744,0.02195,0.02174,0.01679
0.10000,-0.10646,-0.06896,-0.05563,-0.04042,0.02194,0.01871,0.01921,0.01349
0.15000,-0.08967,-0.06975,-0.07525,-0.03292,0.01990,0.01663,0.02037,0.01132
0.20000,-0.06603,-0.06071,-0.07729,-0.02231,0.01930,0.01570,0.01952,0.00946
0.25000,-0.05229,-0.05572,-0.08652,-0.01123,0.01745,0.01480,0.01814,0.00967
0.30000,-0.05265,-0.04782,-0.11033,-0.01049,0.01668,0.01309,0.01942,0.00794
0.35000,-0.05230,-0.05124,-0.10168,-0.01258,0.01680,0.01276,0.01838,0.00747
0.40000,-0.03594,-0.05086,-0.11307,-0.00782,0.01608,0.01261,0.01777,0.00742
0.45000,-0.03424,-0.05103,-0.11816,-0.00695,0.01613,0.01301,0.01698,0.00728
0.50000,-0.03023,-0.04617,-0.12484,-0.00634,0.01523,0.01202,0.01693,0.00679
0.75000,-0.01059,-0.04228,-0.14519,-0.00519,0.01379,0.01087,0.01718,0.00556
1.00000,0.00305,-0.04646,-0.15533,-0.00083,0.01384,0.01081,0.01727,0.00530
