x,yOn,yMarginOn,yOff,yMarginOff
0.00000,NaN,NaN,NaN,NaN
0.02500,0.14000,0.03820,0.16750,0.04111
0.05000,0.13125,0.02906,0.16750,0.03115
0.10000,0.14083,0.02411,0.18125,0.02531
0.15000,0.14546,0.02190,0.17837,0.02347
0.20000,0.15748,0.02069,0.17978,0.02131
0.25000,0.16846,0.01990,0.17969,0.01928
0.30000,0.17828,0.02011,0.18877,0.01997
0.35000,0.16636,0.01887,0.17894,0.01912
0.40000,0.16388,0.01814,0.17171,0.01829
0.45000,0.16198,0.01789,0.16894,0.01816
0.50000,0.15730,0.01742,0.16364,0.01777
0.75000,0.15958,0.01649,0.16477,0.01734
1.00000,0.15624,0.01631,0.15706,0.01705
