x,yOn,yMarginOn,yOff,yMarginOff
0.00000,NaN,NaN,NaN,NaN
0.02500,0.09125,0.03171,0.21625,0.04533
0.05000,0.08750,0.02315,0.21125,0.03455
0.10000,0.10781,0.02100,0.21427,0.02687
0.15000,0.11708,0.02003,0.20675,0.02422
0.20000,0.13562,0.02012,0.20164,0.02130
0.25000,0.14793,0.01942,0.20022,0.01935
0.30000,0.15720,0.02045,0.20985,0.01920
0.35000,0.14650,0.01919,0.19880,0.01837
0.40000,0.14982,0.01917,0.18577,0.01699
0.45000,0.14834,0.01900,0.18258,0.01680
0.50000,0.14535,0.01857,0.17559,0.01641
0.75000,0.15688,0.01872,0.16747,0.01490
1.00000,0.15818,0.01887,0.15512,0.01416
