x,yOn,yMarginOn,yOff,yMarginOff
0.00000,NaN,NaN,NaN,NaN
0.02500,0.14000,0.03820,0.16750,0.04111
0.05000,0.13125,0.02840,0.16750,0.03176
0.10000,0.13323,0.02224,0.18885,0.02681
0.15000,0.12429,0.01906,0.19954,0.02528
0.20000,0.12999,0.01803,0.20728,0.02288
0.25000,0.13081,0.01597,0.21733,0.02163
0.30000,0.12836,0.01513,0.23869,0.02238
0.35000,0.12181,0.01458,0.22349,0.02115
0.40000,0.11126,0.01327,0.22433,0.02025
0.45000,0.10638,0.01305,0.22454,0.01989
0.50000,0.09805,0.01198,0.22289,0.01953
0.75000,0.08958,0.01065,0.23477,0.01821
1.00000,0.07899,0.00945,0.23431,0.01792
