x,yOn,yMarginOn,yOff,yMarginOff
0.00000,NaN,NaN,0.68690,0.05351
0.02500,0.69523,0.02676,0.69668,0.02654
0.05000,0.71281,0.02570,0.71766,0.02494
0.10000,0.72864,0.02511,0.73140,0.02508
0.15000,0.73795,0.02533,0.74864,0.02375
0.20000,0.75742,0.02469,0.75482,0.02507
0.25000,0.75863,0.02442,0.75233,0.02398
0.30000,0.76145,0.02408,0.76258,0.02336
0.35000,0.76571,0.02322,0.77573,0.02228
0.40000,0.77138,0.02410,0.78482,0.02276
0.45000,0.77848,0.02389,0.79491,0.02246
0.50000,0.78250,0.02410,0.80502,0.02243
0.75000,0.80996,0.02374,0.82043,0.02559
1.00000,0.76742,0.03380,0.73455,0.04177
