x,yOn,yMarginOn,yOff,yMarginOff
0.00000,0.73036,0.07277,0.64388,0.07943
0.02500,0.74458,0.02329,0.64871,0.02882
0.05000,0.76356,0.02163,0.66878,0.02762
0.10000,0.78354,0.02065,0.67685,0.02784
0.15000,0.79099,0.02170,0.69649,0.02628
0.20000,0.81955,0.01891,0.69362,0.02805
0.25000,0.81458,0.02045,0.69638,0.02603
0.30000,0.81665,0.02124,0.70819,0.02468
0.35000,0.82356,0.01988,0.71837,0.02408
0.40000,0.83398,0.02037,0.72352,0.02474
0.45000,0.84801,0.01927,0.72801,0.02469
0.50000,0.85902,0.01834,0.73044,0.02529
0.75000,0.85134,0.02470,0.78263,0.02430
1.00000,0.69934,0.04550,0.78983,0.03215
