x,yOn,yMarginOn,yOff,yMarginOff
0.00000,NaN,NaN,0.56201,0.05703
0.02500,0.58854,0.02848,0.58605,0.02805
0.05000,0.60869,0.02869,0.61132,0.02762
0.10000,0.63865,0.02772,0.64227,0.02668
0.15000,0.66939,0.02710,0.65884,0.02625
0.20000,0.68487,0.02832,0.68026,0.02651
0.25000,0.69224,0.02686,0.70004,0.02562
0.30000,0.71677,0.02641,0.71961,0.02486
0.35000,0.73032,0.02575,0.73155,0.02442
0.40000,0.73817,0.02559,0.74916,0.02430
0.45000,0.75939,0.02552,0.75914,0.02432
0.50000,0.77757,0.02397,0.77940,0.02304
0.75000,0.77542,0.02694,0.76614,0.02630
1.00000,0.67193,0.04001,0.56427,0.04258
