x,y1,y1Margin,y2,y2Margin,y3,y3Margin,y4,y4Margin
0.00000,0.15428,NaN,NaN,NaN,0.08407,NaN,NaN,NaN
0.02500,0.15140,0.00372,0.00671,-0.00140,0.03000,0.00977,0.01128,0.00868
0.05000,0.16213,-0.00163,0.00496,-0.01267,0.03071,0.01603,0.01480,0.01340
0.10000,0.15237,-0.00268,0.01614,-0.02408,0.02826,0.01845,0.01635,0.01564
0.15000,0.14098,0.00765,-0.00131,-0.03145,0.02957,0.01855,0.01705,0.01632
0.20000,0.16818,0.00580,0.00698,-0.02147,0.02968,0.02072,0.02056,0.01578
0.25000,0.16172,-0.00523,0.00425,-0.01728,0.02787,0.01779,0.01988,0.01369
0.30000,0.14985,0.00036,0.01198,-0.01895,0.02717,0.01968,0.02100,0.01374
0.35000,0.14583,-0.00085,0.02226,-0.02727,0.02541,0.01913,0.02060,0.01421
0.40000,0.14066,-0.01140,-0.00715,-0.02535,0.02530,0.01947,0.02288,0.01518
0.45000,0.14109,-0.00019,0.01280,-0.02653,0.02586,0.02005,0.02274,0.01586
0.50000,0.12364,-0.00333,-0.00170,-0.03109,0.02504,0.01846,0.02202,0.01579
0.75000,0.07451,0.00875,0.00996,-0.01422,0.02623,0.02376,0.02869,0.02239
1.00000,-0.10433,0.11658,0.11450,0.14363,0.04077,0.03733,0.04174,0.03862
