x,yOn,yMarginOn,yOff,yMarginOff
0.00000,NaN,NaN,0.56201,0.05703
0.02500,0.58856,0.02865,0.58604,0.02788
0.05000,0.61026,0.02897,0.60975,0.02738
0.10000,0.64504,0.02835,0.63605,0.02612
0.15000,0.65879,0.02801,0.66921,0.02541
0.20000,0.67925,0.02909,0.68565,0.02585
0.25000,0.69307,0.02819,0.69915,0.02431
0.30000,0.71925,0.02772,0.71722,0.02367
0.35000,0.73804,0.02662,0.72431,0.02364
0.40000,0.73742,0.02737,0.74950,0.02264
0.45000,0.76481,0.02675,0.75419,0.02321
0.50000,0.77797,0.02542,0.77895,0.02176
0.75000,0.77641,0.02980,0.76613,0.02403
1.00000,0.69429,0.04616,0.56361,0.03750
