x,yOn,yMarginOn,yOff,yMarginOff
0.00000,0.00000,0.00000,-0.26171,0.05549
0.02500,-1.08324,0.05376,-1.08531,0.05284
0.05000,-1.09872,0.05645,-1.07923,0.05000
0.10000,-1.16376,0.05721,-1.11506,0.05282
0.15000,-1.20036,0.06253,-1.15732,0.05453
0.20000,-1.22985,0.06741,-1.21920,0.06196
0.25000,-1.23302,0.06604,-1.25061,0.06046
0.30000,-1.27214,0.06844,-1.26475,0.06313
0.35000,-1.33207,0.07113,-1.26705,0.06399
0.40000,-1.32422,0.07736,-1.28070,0.06757
0.45000,-1.29487,0.08004,-1.26346,0.06875
0.50000,-1.30443,0.08284,-1.27473,0.07326
0.75000,-1.20493,0.09173,-1.18452,0.08828
1.00000,-0.51136,0.08562,-0.54212,0.06802
