x,yOn,yMarginOn,yOff,yMarginOff
0.00000,0.00000,0.00000,-0.26171,0.05549
0.02500,-1.06960,0.05360,-1.09895,0.05296
0.05000,-1.06416,0.05567,-1.11378,0.05074
0.10000,-1.11693,0.05968,-1.16189,0.05003
0.15000,-1.13272,0.06234,-1.22496,0.05437
0.20000,-1.16300,0.06981,-1.28604,0.05846
0.25000,-1.20771,0.06901,-1.27592,0.05681
0.30000,-1.23031,0.07376,-1.30658,0.05651
0.35000,-1.25138,0.07496,-1.34774,0.05919
0.40000,-1.24766,0.08092,-1.35727,0.06275
0.45000,-1.21572,0.08241,-1.34262,0.06518
0.50000,-1.21026,0.08629,-1.36889,0.06808
0.75000,-1.06912,0.10457,-1.32033,0.06992
1.00000,-0.41678,0.08328,-0.63670,0.06878
