x,yOn,yMarginOn,yOff,yMarginOff
0.00000,0.00000,0.00000,-0.24555,0.05161
0.02500,-0.98907,0.04656,-1.01657,0.04613
0.05000,-0.99051,0.05203,-1.02808,0.04617
0.10000,-1.03073,0.05704,-1.07531,0.04909
0.15000,-1.04697,0.06099,-1.13295,0.05285
0.20000,-1.08051,0.06789,-1.18002,0.05660
0.25000,-1.12364,0.06466,-1.17140,0.05344
0.30000,-1.15292,0.07105,-1.21365,0.05568
0.35000,-1.17493,0.07391,-1.25371,0.05793
0.40000,-1.16117,0.08056,-1.26370,0.06013
0.45000,-1.14598,0.08208,-1.26714,0.06350
0.50000,-1.14898,0.08587,-1.30237,0.06768
0.75000,-1.05204,0.10197,-1.28571,0.06980
1.00000,-0.38331,0.07762,-0.58095,0.05338
