x,yOn,yMarginOn,yOff,yMarginOff
0.00000,0.00000,0.00000,-0.24555,0.05161
0.02500,-1.00318,0.04687,-1.00246,0.04587
0.05000,-1.02425,0.05176,-0.99434,0.04651
0.10000,-1.08483,0.05588,-1.02121,0.05028
0.15000,-1.11823,0.06108,-1.06169,0.05299
0.20000,-1.14025,0.06496,-1.12028,0.06043
0.25000,-1.14390,0.06166,-1.15114,0.05700
0.30000,-1.19275,0.06671,-1.17381,0.06098
0.35000,-1.24780,0.07037,-1.18084,0.06227
0.40000,-1.23613,0.07682,-1.18874,0.06523
0.45000,-1.22405,0.07934,-1.18907,0.06750
0.50000,-1.24289,0.08273,-1.20846,0.07244
0.75000,-1.17984,0.09197,-1.15791,0.08453
1.00000,-0.46568,0.07868,-0.49857,0.05402
