x,yOn,yMarginOn,yOff,yMarginOff
0.00000,-0.13878,0.04382,-0.12292,0.03973
0.02500,-1.13116,0.04780,-1.03739,0.05782
0.05000,-1.14783,0.05038,-1.03011,0.05537
0.10000,-1.20344,0.04897,-1.07538,0.05983
0.15000,-1.21619,0.05191,-1.14149,0.06454
0.20000,-1.25771,0.05655,-1.19134,0.07183
0.25000,-1.26966,0.05645,-1.21398,0.06938
0.30000,-1.27393,0.06155,-1.26296,0.06986
0.35000,-1.29671,0.06033,-1.30241,0.07444
0.40000,-1.26746,0.06553,-1.33746,0.07897
0.45000,-1.24120,0.06832,-1.31714,0.08022
0.50000,-1.26062,0.07029,-1.31854,0.08529
0.75000,-1.11341,0.09068,-1.27605,0.08846
1.00000,-0.42521,0.08157,-0.62827,0.07111
