x,y1,y2,y3,y4,y1Margin,y2Margin,y3Margin,y4Margin
0.00000,-0.01586,0.26171,0.26171,0.26171,0.01917,0.05174,0.05174,0.05174
0.02500,-0.09376,0.00208,0.02935,-0.00421,0.06522,0.02403,0.03260,0.01916
0.05000,-0.11772,-0.01949,0.04962,-0.00717,0.06853,0.04008,0.03962,0.02886
0.10000,-0.12806,-0.04870,0.04496,-0.00537,0.07128,0.04061,0.04953,0.02581
0.15000,-0.07470,-0.04304,0.09223,0.00154,0.07798,0.04634,0.05099,0.03282
0.20000,-0.06638,-0.01066,0.12304,0.00113,0.08394,0.04714,0.05832,0.03502
0.25000,-0.05569,0.01759,0.06821,-0.00061,0.07942,0.04981,0.05565,0.03547
0.30000,-0.01097,-0.00739,0.07627,0.03209,0.08460,0.05234,0.06459,0.03671
0.35000,0.00571,-0.06502,0.09635,0.02747,0.08624,0.05650,0.06578,0.04091
0.40000,0.07000,-0.04352,0.10961,0.01979,0.08845,0.05767,0.07311,0.04592
0.45000,0.07593,-0.03141,0.12690,0.03795,0.08920,0.06083,0.07249,0.03732
0.50000,0.05792,-0.02970,0.15863,0.05674,0.09680,0.06143,0.07611,0.04096
0.75000,0.16264,-0.02041,0.25121,0.02485,0.10600,0.07948,0.10413,0.06100
1.00000,0.20306,0.03075,0.21992,-0.25559,0.07508,0.07648,0.08624,0.07935
