x,yOn,yMarginOn,yOff,yMarginOff
0.00000,0.00000,0.00000,-0.26171,0.05549
0.02500,-1.08638,0.05528,-1.08217,0.05126
0.05000,-1.09256,0.05487,-1.08539,0.05174
0.10000,-1.14210,0.05692,-1.13673,0.05326
0.15000,-1.17807,0.06146,-1.17961,0.05584
0.20000,-1.22396,0.06795,-1.22509,0.06137
0.25000,-1.24213,0.06546,-1.24151,0.06110
0.30000,-1.25240,0.06618,-1.28449,0.06545
0.35000,-1.28582,0.06879,-1.31330,0.06667
0.40000,-1.29257,0.07257,-1.31236,0.07275
0.45000,-1.26020,0.07404,-1.29814,0.07515
0.50000,-1.26121,0.07652,-1.31795,0.07976
0.75000,-1.18230,0.08311,-1.20715,0.09644
1.00000,-0.65454,0.06298,-0.39894,0.08715
