x,yOn,yMarginOn,yOff,yMarginOff
0.00000,2.70430,1.08036,0.88091,0.27879
0.02500,19.67621,2.03942,6.60307,0.33731
0.05000,18.66005,2.02190,6.28047,0.34437
0.10000,14.93664,1.47523,5.61935,0.34715
0.15000,13.48142,1.40980,5.34026,0.34934
0.20000,11.42777,1.28532,4.84478,0.33659
0.25000,10.69071,1.26586,4.45313,0.33613
0.30000,9.75957,1.36588,3.88197,0.34128
0.35000,9.73708,1.47933,3.81666,0.34514
0.40000,8.29062,1.05440,3.34565,0.32581
0.45000,7.37326,1.01018,2.99863,0.31346
0.50000,6.74291,1.03719,2.62485,0.29394
0.75000,4.81932,0.70682,1.76288,0.24727
1.00000,3.45161,0.37130,1.06820,0.17283
