x,yOn,yMarginOn,yOff,yMarginOff
0.00000,0.00000,0.00000,3.58522,1.08918
0.02500,13.24172,1.62632,13.03756,1.63660
0.05000,12.75282,1.65605,12.18770,1.55060
0.10000,10.55804,1.20205,9.99796,1.17629
0.15000,9.83030,1.20080,8.99138,1.03478
0.20000,8.52399,1.10505,7.74856,0.89830
0.25000,7.86166,1.06345,7.28219,0.90641
0.30000,6.97487,1.08652,6.66666,1.00666
0.35000,6.90169,1.10603,6.65204,1.13989
0.40000,5.94870,0.87198,5.68757,0.77941
0.45000,5.19239,0.76633,5.17951,0.80566
0.50000,4.76995,0.80203,4.59782,0.78929
0.75000,3.26675,0.54987,3.31546,0.56195
1.00000,2.24354,0.31776,2.27626,0.31887
