x,yOn,yMarginOn,yOff,yMarginOff
0.00000,0.00000,0.00000,3.58522,1.08918
0.02500,13.14160,1.62813,13.13768,1.63488
0.05000,12.46030,1.59688,12.48022,1.61208
0.10000,10.27098,1.17895,10.28501,1.20024
0.15000,9.26818,1.02729,9.55350,1.20880
0.20000,7.99064,0.95029,8.28191,1.06217
0.25000,7.37642,0.88056,7.76743,1.08546
0.30000,6.84214,1.07215,6.79940,1.02223
0.35000,6.63410,0.96562,6.91964,1.26099
0.40000,5.85889,0.78840,5.77738,0.86408
0.45000,5.05219,0.66868,5.31970,0.88813
0.50000,4.53670,0.63642,4.83106,0.92782
0.75000,3.11712,0.49778,3.46508,0.60798
1.00000,2.07934,0.28506,2.44047,0.34727
