x,yPerAll,sPerAll,yPerPara,sPerPara,yPerFree,sPerFree,yBioBasal,sBioBasal,yBioFree,sBioFree,yBioPara,sBioPara
0.000000000e+00,NaN,NaN,NaN,NaN,NaN,NaN,NaN,NaN,NaN,NaN,NaN,NaN
2.500000000e-02,4.947500000e-01,1.928748155e-01,1.100000000e-01,3.144660377e-01,4.200976645e-01,2.268393260e-01,3.625485791e+00,1.579953991e+00,1.626962153e+01,1.919456892e+01,2.528416598e-02,1.017366465e-01
5.000000000e-02,4.707500000e-01,1.944317997e-01,1.150000000e-01,2.341436147e-01,3.995811253e-01,2.337847465e-01,3.655550379e+00,1.601661512e+00,1.464508003e+01,1.839944712e+01,4.099864784e-02,1.395102776e-01
1.000000000e-01,4.560000000e-01,1.806665548e-01,1.475000000e-01,2.237494866e-01,3.898766543e-01,2.223399469e-01,3.499068252e+00,1.756920109e+00,1.009621373e+01,1.128315598e+01,9.633353506e-02,2.644907425e-01
1.500000000e-01,4.297500000e-01,1.749348724e-01,1.573333333e-01,2.069542910e-01,3.658502769e-01,2.272991726e-01,3.465211136e+00,1.860566782e+00,7.737505957e+00,8.869656874e+00,1.393848891e-01,2.977574112e-01
2.000000000e-01,4.205000000e-01,1.700928148e-01,1.789285714e-01,1.973652366e-01,3.606355908e-01,2.270812944e-01,3.378063580e+00,1.912047588e+00,5.870678918e+00,7.734832566e+00,2.122339061e-01,3.580335545e-01
2.500000000e-01,4.140000000e-01,1.574865715e-01,1.814722222e-01,1.737312401e-01,3.624154496e-01,2.209681727e-01,3.059814014e+00,2.007689641e+00,5.820328238e+00,7.824139559e+00,3.269193835e-01,1.039115802e+00
3.000000000e-01,4.152500000e-01,1.509605190e-01,2.109494949e-01,2.026811309e-01,3.636413310e-01,2.152408434e-01,2.937940987e+00,2.056767831e+00,6.314852003e+00,1.515565160e+01,3.534304999e-01,7.391477710e-01
3.500000000e-01,3.855000000e-01,1.427180239e-01,1.929195804e-01,1.846432999e-01,3.302242459e-01,2.063494015e-01,3.053999458e+00,2.061251907e+00,5.393090257e+00,1.498875532e+01,3.820984804e-01,9.180820410e-01
4.000000000e-01,3.795000000e-01,1.411702533e-01,1.970567766e-01,1.782894492e-01,3.259484664e-01,2.093059160e-01,2.879061757e+00,2.157900308e+00,3.760833034e+00,7.231339959e+00,4.395174475e-01,8.586254985e-01
4.500000000e-01,3.642500000e-01,1.441736730e-01,1.982289916e-01,1.791051288e-01,3.027494041e-01,2.166990017e-01,2.872608223e+00,2.168599537e+00,2.501424331e+00,5.849284828e+00,5.024624269e-01,1.059774486e+00
5.000000000e-01,3.485000000e-01,1.377955959e-01,2.022681459e-01,1.802531926e-01,2.740254128e-01,1.928116199e-01,2.474982219e+00,2.216795568e+00,1.728738306e+00,4.612422494e+00,5.051716553e-01,1.048456184e+00
