x,yPerAll,sPerAll,yPerPara,sPerPara,yPerFree,sPerFree,yBioBasal,sBioBasal,yBioFree,sBioFree,yBioPara,sBioPara
0.000000000e+00,NaN,NaN,NaN,NaN,NaN,NaN,NaN,NaN,NaN,NaN,NaN,NaN
2.500000000e-02,4.605000000e-01,2.054552717e-01,3.000000000e-02,1.714466080e-01,3.815859860e-01,2.435990668e-01,3.720255784e+00,1.551280375e+00,1.594866839e+01,1.840336538e+01,4.974919403e-03,2.982246934e-02
5.000000000e-02,4.392500000e-01,2.036676028e-01,2.000000000e-02,9.847319278e-02,3.661696086e-01,2.495913748e-01,3.766056209e+00,1.553948057e+00,1.536540040e+01,1.966680320e+01,4.166990128e-03,2.336287092e-02
1.000000000e-01,4.192500000e-01,1.891586569e-01,5.333333333e-02,1.316390671e-01,3.523796887e-01,2.396160726e-01,3.838068893e+00,1.538228243e+00,1.195788762e+01,1.512627849e+01,2.012366081e-01,1.385430235e+00
1.500000000e-01,3.960000000e-01,1.782958046e-01,5.166666667e-02,1.082847599e-01,3.384005561e-01,2.398941652e-01,3.950150844e+00,1.522679361e+00,1.081174911e+01,1.470736487e+01,2.126636638e-01,1.382012276e+00
2.000000000e-01,3.570000000e-01,1.717438779e-01,5.625000000e-02,1.005727509e-01,2.981123104e-01,2.432628249e-01,4.007717774e+00,1.520372401e+00,9.000436388e+00,1.495440728e+01,2.444896269e-01,1.359272326e+00
2.500000000e-01,3.417500000e-01,1.657190866e-01,6.738888889e-02,1.046230146e-01,2.872496783e-01,2.448186824e-01,3.903399202e+00,1.661072913e+00,7.751529192e+00,1.351123850e+01,2.755005468e-01,1.418415862e+00
3.000000000e-01,3.147500000e-01,1.483109874e-01,7.615151515e-02,1.093929822e-01,2.541391433e-01,2.244405429e-01,3.885015621e+00,1.750303182e+00,5.988799987e+00,1.101389959e+01,2.769950433e-01,1.360130467e+00
3.500000000e-01,3.022500000e-01,1.369350192e-01,6.256410256e-02,8.597327429e-02,2.521193527e-01,2.253577268e-01,3.825712300e+00,1.796638940e+00,5.769590925e+00,1.085408256e+01,3.259247650e-01,1.500516606e+00
4.000000000e-01,2.905000000e-01,1.255181181e-01,7.334249084e-02,1.143419487e-01,2.333140443e-01,2.204538312e-01,3.862434994e+00,1.749068161e+00,4.433752380e+00,9.946406637e+00,4.595086522e-01,1.614749570e+00
4.500000000e-01,2.715000000e-01,1.132631244e-01,7.302801120e-02,1.084298246e-01,2.083749447e-01,2.020321580e-01,3.957417586e+00,1.704865088e+00,3.576413727e+00,8.927965254e+00,5.501924234e-01,1.800840361e+00
5.000000000e-01,2.630000000e-01,1.021535782e-01,6.746590127e-02,9.912673258e-02,2.082112143e-01,1.859533635e-01,3.941706250e+00,1.754429184e+00,3.526217257e+00,9.166865982e+00,4.289812221e-01,1.568580305e+00
