x,yPerAll,sPerAll,yPerPara,sPerPara,yPerFree,sPerFree,yBioBasal,sBioBasal,yBioFree,sBioFree,yBioPara,sBioPara
0.000000000e+00,NaN,NaN,NaN,NaN,NaN,NaN,NaN,NaN,NaN,NaN,NaN,NaN
2.500000000e-02,5.777500000e-01,2.104257049e-01,1.700000000e-01,3.775251681e-01,5.170736164e-01,2.513474546e-01,2.410497766e+00,1.447558729e+00,4.184941328e+00,2.373163447e+00,1.224569115e-02,3.174697418e-02
5.000000000e-02,5.422500000e-01,2.034641594e-01,1.400000000e-01,2.470022288e-01,4.859471746e-01,2.489328700e-01,2.490451282e+00,1.517640669e+00,3.850770646e+00,2.349922935e+00,1.776961188e-02,3.767088486e-02
1.000000000e-01,5.095000000e-01,1.994240444e-01,1.275000000e-01,1.836678155e-01,4.613351917e-01,2.524822744e-01,2.511537923e+00,1.605331741e+00,3.329566025e+00,2.377454881e+00,4.544817962e-02,1.668213799e-01
1.500000000e-01,4.857500000e-01,1.871589491e-01,1.230000000e-01,1.736706767e-01,4.496855729e-01,2.498690319e-01,2.475692343e+00,1.599340127e+00,3.197334703e+00,2.541744175e+00,5.383500557e-02,1.684195339e-01
2.000000000e-01,4.492500000e-01,1.763997054e-01,1.391071429e-01,1.530566480e-01,4.126075113e-01,2.487843104e-01,2.482206253e+00,1.742864392e+00,2.513539377e+00,2.447141765e+00,7.213434170e-02,1.707241788e-01
2.500000000e-01,4.287500000e-01,1.723418247e-01,1.403055556e-01,1.476461903e-01,3.981028720e-01,2.591854210e-01,2.377254843e+00,1.800783256e+00,2.302958086e+00,2.402691911e+00,7.092367761e-02,1.410276466e-01
3.000000000e-01,4.022500000e-01,1.634575517e-01,1.476666667e-01,1.419405637e-01,3.687888839e-01,2.525372808e-01,2.277971016e+00,1.920915278e+00,1.857997420e+00,2.387388021e+00,7.847413762e-02,1.274293139e-01
3.500000000e-01,3.767500000e-01,1.509755733e-01,1.421095571e-01,1.315371018e-01,3.422176424e-01,2.373462040e-01,2.411038961e+00,1.980551115e+00,1.476122002e+00,2.247092526e+00,8.926531081e-02,1.278404908e-01
4.000000000e-01,3.502500000e-01,1.435259013e-01,1.304487179e-01,1.192349491e-01,3.136334000e-01,2.363531664e-01,2.321202928e+00,2.049338167e+00,1.190942269e+00,2.032205692e+00,9.411771425e-02,1.340602827e-01
4.500000000e-01,3.220000000e-01,1.364355029e-01,1.201544118e-01,1.129829651e-01,2.785813431e-01,2.270747545e-01,2.215487935e+00,2.105006922e+00,1.023264268e+00,1.981346670e+00,7.954436324e-02,6.445640884e-02
5.000000000e-01,2.992500000e-01,1.235243709e-01,1.142026574e-01,1.068366235e-01,2.489536464e-01,2.097768798e-01,2.162995393e+00,2.159987068e+00,7.906652352e-01,1.749577343e+00,8.045871013e-02,6.563729841e-02
