x,yPerAll,sPerAll,yPerPara,sPerPara,yPerFree,sPerFree,yBioBasal,sBioBasal,yBioFree,sBioFree,yBioPara,sBioPara
0.000000000e+00,NaN,NaN,NaN,NaN,NaN,NaN,NaN,NaN,NaN,NaN,NaN,NaN
2.500000000e-02,4.655000000e-01,2.024091017e-01,6.000000000e-02,2.386832566e-01,3.868681024e-01,2.380435252e-01,3.695464796e+00,1.552773307e+00,1.637870915e+01,2.063167579e+01,6.579608960e-02,3.978068384e-01
5.000000000e-02,4.477500000e-01,1.965965142e-01,4.500000000e-02,1.604129771e-01,3.754395640e-01,2.388382700e-01,3.768798222e+00,1.537213460e+00,1.503280233e+01,1.961610827e+01,1.373843911e-01,6.464647228e-01
1.000000000e-01,4.262500000e-01,1.872978708e-01,5.666666667e-02,1.375592924e-01,3.611089660e-01,2.347882377e-01,3.867197593e+00,1.492117502e+00,1.212217668e+01,1.499066535e+01,3.972140804e-01,2.558567320e+00
1.500000000e-01,3.925000000e-01,1.813773064e-01,5.600000000e-02,1.103895764e-01,3.324531880e-01,2.401279718e-01,3.919499908e+00,1.515393677e+00,1.142888427e+01,1.807819985e+01,3.784783826e-01,2.558941288e+00
2.000000000e-01,3.662500000e-01,1.673989594e-01,7.333333333e-02,1.161346352e-01,3.059401892e-01,2.361577079e-01,4.071167685e+00,1.420325093e+00,9.936607522e+00,1.772092795e+01,5.071483687e-01,2.452814392e+00
2.500000000e-01,3.650000000e-01,1.641476300e-01,9.472222222e-02,1.326661548e-01,3.138231316e-01,2.408582200e-01,3.988663873e+00,1.520455369e+00,9.333327553e+00,1.792868096e+01,5.675282080e-01,2.532746630e+00
3.000000000e-01,3.200000000e-01,1.465081788e-01,8.023232323e-02,1.048334913e-01,2.593600727e-01,2.227658745e-01,3.965255300e+00,1.668486701e+00,6.057651907e+00,1.411276212e+01,6.792123120e-01,2.693553021e+00
3.500000000e-01,3.032500000e-01,1.380169346e-01,7.623543124e-02,1.086162091e-01,2.447242746e-01,2.197906632e-01,4.060856016e+00,1.588667467e+00,5.834456903e+00,1.416525638e+01,6.868618640e-01,2.678880999e+00
4.000000000e-01,2.830000000e-01,1.248676067e-01,6.466117216e-02,9.386866331e-02,2.247636367e-01,2.171335756e-01,4.088746374e+00,1.550837558e+00,4.878173867e+00,1.369291059e+01,7.359644226e-01,2.663980974e+00
4.500000000e-01,2.620000000e-01,1.110373493e-01,7.046043417e-02,1.054750392e-01,1.884093444e-01,1.931163975e-01,4.090271016e+00,1.582586373e+00,3.708619048e+00,1.270655019e+01,8.756534642e-01,3.134166355e+00
5.000000000e-01,2.440000000e-01,9.314374684e-02,6.107309942e-02,9.642392246e-02,1.688762470e-01,1.692735736e-01,3.944690213e+00,1.675133118e+00,4.295452340e+00,1.478378078e+01,8.708174078e-01,2.910720860e+00
