x,yPerAll,sPerAll,yPerPara,sPerPara,yPerFree,sPerFree,yBioBasal,sBioBasal,yBioFree,sBioFree,yBioPara,sBioPara,yBioAll,sBioAll,yActBasal,sActBasal,yActFree,sActFree,yActPara,sActPara,yActAll,sActAll,yActCon,sActCon,sActConResid,yFracPara,sFracPara,yFracFree,sFracFree
0.000000000e+00,NaN,NaN,NaN,NaN,NaN,NaN,NaN,NaN,NaN,NaN,NaN,NaN,NaN,NaN,NaN,NaN,NaN,NaN,NaN,NaN,NaN,NaN,NaN,NaN,NaN,NaN,NaN,NaN,NaN
2.500000000e-02,4.947500000e-01,1.928748155e-01,1.100000000e-01,3.144660377e-01,4.200976645e-01,2.268393260e-01,3.625485791e+00,1.579953991e+00,1.626962153e+01,1.919456892e+01,2.528416598e-02,1.017366465e-01,1.992039149e+01,1.873629846e+01,3.657320675e-01,2.840351623e-01,1.013055599e-01,7.675544286e-02,4.035040200e-03,1.355080715e-02,4.710726676e-01,3.589447576e-01,1.053406001e-01,7.666239547e-02,5.307442541e-02,NaN,NaN,NaN,NaN
5.000000000e-02,4.707500000e-01,1.944317997e-01,1.150000000e-01,2.341436147e-01,3.995811253e-01,2.337847465e-01,3.655550379e+00,1.601661512e+00,1.464508003e+01,1.839944712e+01,4.099864784e-02,1.395102776e-01,1.834162905e+01,1.798848815e+01,3.489328128e-01,2.927133081e-01,9.464498547e-02,7.777542172e-02,6.821211134e-03,1.748031031e-02,4.503990094e-01,3.696365026e-01,1.014661966e-01,7.854330220e-02,5.585272242e-02,NaN,NaN,NaN,NaN
1.000000000e-01,4.560000000e-01,1.806665548e-01,1.475000000e-01,2.237494866e-01,3.898766543e-01,2.223399469e-01,3.499068252e+00,1.756920109e+00,1.009621373e+01,1.128315598e+01,9.633353506e-02,2.644907425e-01,1.369161552e+01,1.132280838e+01,3.255644525e-01,2.750154152e-01,8.133216621e-02,7.515931037e-02,1.706937238e-02,3.269611300e-02,4.239659911e-01,3.474716151e-01,9.840153858e-02,7.459364848e-02,4.822157752e-02,NaN,NaN,NaN,NaN
1.500000000e-01,4.297500000e-01,1.749348724e-01,1.573333333e-01,2.069542910e-01,3.658502769e-01,2.272991726e-01,3.465211136e+00,1.860566782e+00,7.737505957e+00,8.869656874e+00,1.393848891e-01,2.977574112e-01,1.134210198e+01,8.855625819e+00,2.994856143e-01,2.668266232e-01,6.536877920e-02,7.011736869e-02,2.763033528e-02,4.024786476e-02,3.924847288e-01,3.395885415e-01,9.299911448e-02,7.492077121e-02,4.824118246e-02,NaN,NaN,NaN,NaN
2.000000000e-01,4.205000000e-01,1.700928148e-01,1.789285714e-01,1.973652366e-01,3.606355908e-01,2.270812944e-01,3.378063580e+00,1.912047588e+00,5.870678918e+00,7.734832566e+00,2.122339061e-01,3.580335545e-01,9.460976405e+00,7.720089609e+00,3.010237987e-01,2.678438013e-01,5.608001880e-02,6.695069223e-02,4.108857694e-02,5.023062014e-02,3.981923945e-01,3.433612273e-01,9.716859574e-02,7.764208734e-02,4.783373417e-02,NaN,NaN,NaN,NaN
2.500000000e-01,4.140000000e-01,1.574865715e-01,1.814722222e-01,1.737312401e-01,3.624154496e-01,2.209681727e-01,3.059814014e+00,2.007689641e+00,5.820328238e+00,7.824139559e+00,3.269193835e-01,1.039115802e+00,9.207061636e+00,7.963217918e+00,3.175421547e-01,2.646835503e-01,5.742374201e-02,6.650216990e-02,4.755954613e-02,5.135302827e-02,4.225254428e-01,3.413737825e-01,1.049832881e-01,7.905636788e-02,4.790114127e-02,NaN,NaN,NaN,NaN
3.000000000e-01,4.152500000e-01,1.509605190e-01,2.109494949e-01,2.026811309e-01,3.636413310e-01,2.152408434e-01,2.937940987e+00,2.056767831e+00,6.314852003e+00,1.515565160e+01,3.534304999e-01,7.391477710e-01,9.606223490e+00,1.520354527e+01,3.217687647e-01,2.660236694e-01,4.662608865e-02,6.157402319e-02,6.016236092e-02,6.420815052e-02,4.285572143e-01,3.423531398e-01,1.067884496e-01,7.873539711e-02,4.474831133e-02,NaN,NaN,NaN,NaN
3.500000000e-01,3.855000000e-01,1.427180239e-01,1.929195804e-01,1.846432999e-01,3.302242459e-01,2.063494015e-01,3.053999458e+00,2.061251907e+00,5.393090257e+00,1.498875532e+01,3.820984804e-01,9.180820410e-01,8.829188196e+00,1.497724166e+01,2.757736668e-01,2.148139358e-01,3.267382448e-02,4.366027959e-02,6.195940699e-02,6.157018530e-02,3.704068983e-01,2.804449605e-01,9.463323147e-02,6.776782945e-02,4.440438767e-02,NaN,NaN,NaN,NaN
4.000000000e-01,3.795000000e-01,1.411702533e-01,1.970567766e-01,1.782894492e-01,3.259484664e-01,2.093059160e-01,2.879061757e+00,2.157900308e+00,3.760833034e+00,7.231339959e+00,4.395174475e-01,8.586254985e-01,7.079412238e+00,7.317046875e+00,2.737307781e-01,2.385191492e-01,2.738564593e-02,4.261122431e-02,6.705256083e-02,6.551107812e-02,3.681689849e-01,3.089813431e-01,9.443820676e-02,7.255561352e-02,5.046407841e-02,NaN,NaN,NaN,NaN
4.500000000e-01,3.642500000e-01,1.441736730e-01,1.982289916e-01,1.791051288e-01,3.027494041e-01,2.166990017e-01,2.872608223e+00,2.168599537e+00,2.501424331e+00,5.849284828e+00,5.024624269e-01,1.059774486e+00,5.876494982e+00,6.029642061e+00,2.651396127e-01,2.419743815e-01,2.134644452e-02,3.957377918e-02,7.060721116e-02,6.738046551e-02,3.570932684e-01,3.132902847e-01,9.195365568e-02,7.341080156e-02,5.852710389e-02,NaN,NaN,NaN,NaN
5.000000000e-01,3.485000000e-01,1.377955959e-01,2.022681459e-01,1.802531926e-01,2.740254128e-01,1.928116199e-01,2.474982219e+00,2.216795568e+00,1.728738306e+00,4.612422494e+00,5.051716553e-01,1.048456184e+00,4.708892181e+00,4.872694771e+00,2.685126077e-01,2.295859335e-01,1.437293666e-02,3.089524326e-02,8.121674958e-02,6.976136714e-02,3.641022939e-01,3.002836461e-01,9.558968624e-02,7.264188142e-02,5.931482595e-02,NaN,NaN,NaN,NaN
