x,yPerAll,sPerAll,yPerPara,sPerPara,yPerFree,sPerFree,yBioBasal,sBioBasal,yBioFree,sBioFree,yBioPara,sBioPara
0.000000000e+00,NaN,NaN,NaN,NaN,NaN,NaN,NaN,NaN,NaN,NaN,NaN,NaN
2.500000000e-02,5.800000000e-01,2.110280272e-01,1.800000000e-01,3.861229197e-01,5.202216161e-01,2.507111355e-01,2.485215546e+00,1.453510106e+00,4.154466755e+00,2.290800149e+00,9.519546622e-03,2.413823300e-02
5.000000000e-02,5.537500000e-01,2.009565195e-01,1.650000000e-01,2.847557876e-01,4.986211813e-01,2.460643600e-01,2.498786849e+00,1.519826946e+00,3.792134381e+00,2.285844632e+00,1.829660730e-02,3.668033000e-02
1.000000000e-01,5.070000000e-01,2.006013686e-01,1.850000000e-01,2.343831602e-01,4.518259511e-01,2.532882152e-01,2.405618294e+00,1.627359165e+00,3.250666721e+00,2.400848326e+00,3.177344260e-02,4.711540527e-02
1.500000000e-01,4.780000000e-01,1.891728406e-01,1.940000000e-01,2.191392200e-01,4.267621181e-01,2.498232463e-01,2.473018176e+00,1.717856488e+00,2.767157218e+00,2.495871096e+00,4.681806173e-02,5.825661224e-02
2.000000000e-01,4.540000000e-01,1.800925688e-01,1.750595238e-01,1.730820014e-01,4.106567197e-01,2.499431814e-01,2.637525195e+00,1.776555611e+00,2.309121869e+00,2.385382324e+00,6.008573646e-02,6.550834608e-02
2.500000000e-01,4.200000000e-01,1.790124424e-01,1.753055556e-01,1.550963716e-01,3.732361806e-01,2.600774695e-01,2.550297496e+00,1.888973957e+00,1.833585423e+00,2.203593774e+00,6.363207367e-02,6.239502874e-02
3.000000000e-01,4.065000000e-01,1.675212937e-01,1.999494949e-01,1.681348715e-01,3.528984554e-01,2.513710654e-01,2.294570510e+00,1.981294595e+00,1.387844308e+00,2.094839009e+00,7.900911785e-02,7.276083252e-02
3.500000000e-01,3.942500000e-01,1.635255131e-01,1.848076923e-01,1.587716500e-01,3.509466725e-01,2.563830022e-01,2.378857610e+00,1.957648460e+00,1.462209570e+00,2.200780853e+00,8.491150052e-02,7.220881066e-02
4.000000000e-01,3.702500000e-01,1.559305320e-01,1.714010989e-01,1.494081824e-01,3.264423493e-01,2.522997081e-01,2.221575826e+00,2.017618462e+00,1.165156517e+00,1.957615702e+00,8.716388450e-02,6.962780949e-02
4.500000000e-01,3.522500000e-01,1.453007591e-01,1.733256303e-01,1.448380473e-01,2.990139810e-01,2.391333798e-01,2.027608136e+00,2.045399821e+00,9.192481928e-01,1.743423638e+00,8.844197236e-02,6.668636160e-02
5.000000000e-01,3.265000000e-01,1.354388676e-01,1.686310200e-01,1.458157904e-01,2.578544462e-01,2.193691476e-01,1.874876575e+00,2.084307507e+00,5.841365295e-01,1.398755855e+00,9.332739542e-02,9.793158390e-02
