x,yPerAll,sPerAll,yPerPara,sPerPara,yPerFree,sPerFree,yBioBasal,sBioBasal,yBioFree,sBioFree,yBioPara,sBioPara
0.000000000e+00,4.942500000e-01,2.036862003e-01,NaN,NaN,4.107449173e-01,2.334131057e-01,3.693133870e+00,1.502088419e+00,1.782308705e+01,1.981459298e+01,0.000000000e+00,0.000000000e+00
2.500000000e-02,4.965000000e-01,1.917496527e-01,1.400000000e-01,3.487350880e-01,4.211885421e-01,2.248364249e-01,3.549542782e+00,1.631545112e+00,1.614867261e+01,1.916319006e+01,5.556575462e-02,2.337496667e-01
5.000000000e-02,4.790000000e-01,1.853102776e-01,1.650000000e-01,2.847557876e-01,4.071616793e-01,2.223127447e-01,3.515132252e+00,1.676752224e+00,1.536812742e+01,1.891233081e+01,9.783642725e-02,3.657981326e-01
1.000000000e-01,4.642500000e-01,1.736511873e-01,1.841666667e-01,2.378633732e-01,3.975145587e-01,2.106644047e-01,3.431727812e+00,1.782845298e+00,1.118156074e+01,1.372890167e+01,2.434591288e-01,6.785787706e-01
1.500000000e-01,4.565000000e-01,1.742813527e-01,2.146666667e-01,2.383689432e-01,3.935024060e-01,2.191840106e-01,3.316974894e+00,1.850102170e+00,9.052740868e+00,1.191423046e+01,3.356343670e-01,7.687215351e-01
2.000000000e-01,4.380000000e-01,1.669497596e-01,2.189880952e-01,2.218406830e-01,3.763973489e-01,2.178158948e-01,3.211929505e+00,1.930605083e+00,6.606165785e+00,8.022344742e+00,4.297614772e-01,7.846804539e-01
2.500000000e-01,4.330000000e-01,1.664726143e-01,2.427222222e-01,2.194612362e-01,3.702837132e-01,2.206656476e-01,2.970144120e+00,2.027305415e+00,6.087922701e+00,7.804353315e+00,6.393597769e-01,1.811358427e+00
3.000000000e-01,4.352500000e-01,1.582773027e-01,2.620707071e-01,2.278654482e-01,3.746587006e-01,2.129398297e-01,2.722214927e+00,2.038787554e+00,6.142709656e+00,1.210934497e+01,8.530671012e-01,2.040689344e+00
3.500000000e-01,4.192500000e-01,1.579882603e-01,2.512354312e-01,2.159335867e-01,3.588131465e-01,2.141380635e-01,2.844240810e+00,2.056632066e+00,6.994748178e+00,1.849107938e+01,8.008187208e-01,1.453728510e+00
4.000000000e-01,4.220000000e-01,1.602271115e-01,2.656978022e-01,2.116431518e-01,3.629531751e-01,2.188036792e-01,2.562826125e+00,2.065436691e+00,4.084587393e+00,7.720132015e+00,9.939557699e-01,1.614747593e+00
4.500000000e-01,4.157500000e-01,1.639804358e-01,2.631554622e-01,2.103470742e-01,3.597862549e-01,2.263369934e-01,2.567724981e+00,2.058959529e+00,3.083821978e+00,6.018880781e+00,1.117660182e+00,1.785814446e+00
5.000000000e-01,3.970000000e-01,1.577253078e-01,2.604933351e-01,2.034679074e-01,3.284723082e-01,2.181226344e-01,2.265047889e+00,2.070048225e+00,2.181989344e+00,5.174889955e+00,1.067488175e+00,1.573848015e+00
