x,yPerAll,sPerAll,yPerPara,sPerPara,yPerFree,sPerFree,yBioBasal,sBioBasal,yBioFree,sBioFree,yBioPara,sBioPara
0.000000000e+00,6.027500000e-01,2.045842977e-01,NaN,NaN,5.367196651e-01,2.354119678e-01,2.463478343e+00,1.368934849e+00,4.564396893e+00,2.261779988e+00,0.000000000e+00,0.000000000e+00
2.500000000e-02,5.842500000e-01,2.047002921e-01,2.900000000e-01,4.560480216e-01,5.212386552e-01,2.417413039e-01,2.393516499e+00,1.484133743e+00,4.098367397e+00,2.326580316e+00,2.314058847e-02,4.831683171e-02
5.000000000e-02,5.405000000e-01,1.973876103e-01,2.900000000e-01,3.421559689e-01,4.739818025e-01,2.386838970e-01,2.436862595e+00,1.545278380e+00,3.747514077e+00,2.427411381e+00,4.107126024e-02,6.275619021e-02
1.000000000e-01,5.070000000e-01,1.937495520e-01,3.183333333e-01,2.612185466e-01,4.364020348e-01,2.349006139e-01,2.201443398e+00,1.655648802e+00,3.055671844e+00,2.582039899e+00,7.318028374e-02,8.150749364e-02
1.500000000e-01,4.975000000e-01,1.846543317e-01,3.150000000e-01,2.548023595e-01,4.318689710e-01,2.307178013e-01,2.250740471e+00,1.694882816e+00,2.730727397e+00,2.633996608e+00,9.842605262e-02,9.955909546e-02
2.000000000e-01,4.702500000e-01,1.728290669e-01,2.967857143e-01,2.163401927e-01,4.042193683e-01,2.221979541e-01,2.153185614e+00,1.738501766e+00,2.303796393e+00,2.550845310e+00,1.276381675e-01,1.170149133e-01
2.500000000e-01,4.495000000e-01,1.652584447e-01,2.915833333e-01,1.988041216e-01,3.797924000e-01,2.220000537e-01,2.190478418e+00,1.862003856e+00,1.764344633e+00,2.202001930e+00,1.522789119e-01,1.486583888e-01
3.000000000e-01,4.442500000e-01,1.627903389e-01,3.013131313e-01,1.930122883e-01,3.728104358e-01,2.219348783e-01,1.896662822e+00,1.844200667e+00,1.477558599e+00,2.183473381e+00,1.749569606e-01,1.568718363e-01
3.500000000e-01,4.227500000e-01,1.649952173e-01,2.915909091e-01,1.932678711e-01,3.446691417e-01,2.174238622e-01,1.823411093e+00,1.851435744e+00,1.346729885e+00,2.175269580e+00,1.706788204e-01,1.465211820e-01
4.000000000e-01,4.117500000e-01,1.544154422e-01,2.836336996e-01,1.762353465e-01,3.319554238e-01,2.189220957e-01,1.610727513e+00,1.824627563e+00,9.638687544e-01,1.740111158e+00,1.893241643e-01,1.467323933e-01
4.500000000e-01,4.095000000e-01,1.488499685e-01,2.854422269e-01,1.693333514e-01,3.290419922e-01,2.057592528e-01,1.443148784e+00,1.741875557e+00,9.028795349e-01,1.768378373e+00,2.028592296e-01,1.677877559e-01
5.000000000e-01,3.952500000e-01,1.397912856e-01,2.772423461e-01,1.694976148e-01,3.088459322e-01,1.919862036e-01,1.231810945e+00,1.669113865e+00,6.152587947e-01,1.412754292e+00,2.031855015e-01,1.728151597e-01
