x,y1,y2,y3,y4,m1,m2,m3,m4
0.000,6.431117448e-02,0.000000000e+00,0.000000000e+00,0.000000000e+00,2.781079369e-02,0.000000000e+00,0.000000000e+00,0.000000000e+00
0.025,7.571455359e-01,7.953033826e-01,NaN,NaN,7.746968362e-02,1.362229999e-01,NaN,NaN
0.050,6.766655116e-01,8.404953925e-01,NaN,NaN,1.381291465e-01,6.572660865e-02,NaN,NaN
0.100,6.404349278e-01,7.552710693e-01,NaN,NaN,2.487437325e-01,8.191817463e-01,NaN,NaN
0.150,6.439333044e-01,7.550693733e-01,NaN,NaN,1.562153786e-01,8.206630712e-01,NaN,NaN
0.200,6.787435125e-01,6.684325735e-01,NaN,NaN,1.441627626e-01,8.001604169e-01,NaN,NaN
0.250,5.697967156e-01,7.445183853e-01,NaN,NaN,1.514395898e-01,8.384112154e-01,NaN,NaN
0.300,6.886332047e-01,7.806817604e-01,NaN,NaN,1.227283577e-01,2.856497504e-01,NaN,NaN
0.350,7.025693917e-01,7.284865553e-01,NaN,NaN,1.432838126e-01,3.414103303e-01,NaN,NaN
0.400,6.350785241e-01,6.633246675e-01,NaN,NaN,1.484379602e-01,3.186797913e-01,NaN,NaN
0.450,7.353053958e-01,7.978534054e-01,NaN,NaN,1.088243358e-01,9.143415824e+00,NaN,NaN
0.500,7.256428863e-01,7.625705039e-01,NaN,NaN,9.272020314e-02,1.109332344e-01,NaN,NaN