x,yOn,mOn,yOff,mOff
0.00,NaN,NaN,-9.931077580e-01,1.435631756e-01
0.03,-9.296129335e-01,1.021375122e-01,-9.670157473e-01,1.132008761e-01
0.05,-9.565975484e-01,2.669477548e-01,-9.437786751e-01,2.165518264e-01
0.10,-8.097344944e-01,6.479963246e-01,-9.647758927e-01,2.617490624e-01
0.15,-8.435016656e-01,3.646052493e-01,-1.114737516e+00,3.075063247e-01
0.20,-1.312581222e+00,1.269230974e+00,-1.276334589e+00,2.768957192e-01
0.25,-1.002379123e+00,2.379763136e-01,-1.256077218e+00,2.348519447e-01
0.30,-1.193108949e+00,9.580244583e-01,-1.409752114e+00,1.915902262e-01
0.35,-1.497729858e+00,2.911728755e+00,-1.440213238e+00,2.690964411e-01
0.40,-1.145359709e+00,1.129452918e+00,-1.344477324e+00,3.032454544e-01
0.45,-1.542136108e+00,1.024440550e+00,-1.518348100e+00,3.106712246e-01
0.50,-1.450266449e+00,5.807708561e-01,-1.531294964e+00,2.419455880e-01