x,yOn,mOn,yOff,mOff
0.00,0.000000000e+00,0.000000000e+00,5.580440537e-02,2.271943614e-02
0.03,NaN,NaN,7.688573502e-01,6.140902997e-02
0.05,NaN,NaN,7.268175160e-01,9.463001769e-02
0.10,7.474799202e-01,1.091085872e-01,6.567852332e-01,2.011227890e-01
0.15,7.474821739e-01,1.123914329e-01,6.538269101e-01,1.365141883e-01
0.20,NaN,NaN,6.770250227e-01,1.120495960e-01
0.25,NaN,NaN,6.015642919e-01,1.267449480e-01
0.30,8.429400895e-01,NaN,7.028469350e-01,9.663671240e-02
0.35,NaN,NaN,7.082035577e-01,1.026384040e-01
0.40,NaN,NaN,6.387628037e-01,1.163525552e-01
0.45,NaN,NaN,7.405177300e-01,9.172369327e-02
0.50,NaN,NaN,7.345950360e-01,6.545093689e-02