x,yOn,mOn,yOff,mOff
0.00,NaN,NaN,-9.931077580e-01,1.435631756e-01
0.03,-9.575519573e-01,1.117222839e-01,-9.417124806e-01,1.059904508e-01
0.05,-9.625137748e-01,2.483397422e-01,-9.380520566e-01,2.302079939e-01
0.10,-8.781036330e-01,3.677154391e-01,-9.778495507e-01,2.482564276e-01
0.15,-1.058147021e+00,4.228766628e-01,-1.025277939e+00,3.453653383e-01
0.20,-1.367602975e+00,7.062686640e-01,-1.231855246e+00,4.774967279e-01
0.25,-1.212188114e+00,4.268297817e-01,-1.110824840e+00,1.941865960e-01
0.30,-1.363730140e+00,3.036000283e-01,-1.381688814e+00,2.635570047e-01
0.35,-1.395441410e+00,4.430127780e-01,-1.521423262e+00,4.145274377e-01
0.40,-1.350026703e+00,4.782831981e-01,-1.229813848e+00,4.274160641e-01
0.45,-1.548666130e+00,5.444450915e-01,-1.503888742e+00,4.738878779e-01
0.50,-1.508041608e+00,3.655477770e-01,-1.505516643e+00,2.993331364e-01