x,y1,y2,y3,y4,m1,m2,m3,m4
0.000,-9.931077580e-01,NaN,NaN,NaN,1.538598519e-01,NaN,NaN,NaN
0.025,-9.430662399e-01,-9.631812460e-01,NaN,NaN,8.686942498e-02,1.880264608e-01,NaN,NaN
0.050,-8.759539494e-01,-1.116315734e+00,NaN,NaN,1.436270605e-01,4.996282267e-01,NaN,NaN
0.100,-8.680376552e-01,-1.085373417e+00,NaN,NaN,2.693836386e-01,9.200362072e-01,NaN,NaN
0.150,-1.033954707e+00,-1.084380228e+00,NaN,NaN,3.076767087e-01,9.129167332e-01,NaN,NaN
0.200,-1.306331451e+00,-1.198843546e+00,NaN,NaN,4.607910113e-01,6.220844235e-01,NaN,NaN
0.250,-1.150484877e+00,-1.160422039e+00,NaN,NaN,2.303025001e-01,9.695222172e-01,NaN,NaN
0.300,-1.312795644e+00,-1.600882613e+00,NaN,NaN,2.190810975e-01,4.904916158e-01,NaN,NaN
0.350,-1.429895176e+00,-1.523371558e+00,NaN,NaN,3.845181143e-01,4.359742283e-01,NaN,NaN
0.400,-1.270631476e+00,-1.438547745e+00,NaN,NaN,3.507040992e-01,5.102771716e-01,NaN,NaN
0.450,-1.529074836e+00,-1.495506041e+00,NaN,NaN,3.695374884e-01,2.942500403e+01,NaN,NaN
0.500,-1.471723667e+00,-1.616169623e+00,NaN,NaN,2.731258575e-01,6.509186534e-01,NaN,NaN