x,y1,y2,m1,m2
0.000,2.897536433e-02,0.000000000e+00,1.200768784e-02,0.000000000e+00
0.025,7.705924044e-01,7.669415612e-01,8.875986956e-02,9.062075443e-02
0.050,7.116370843e-01,7.454480458e-01,1.506163566e-01,1.277341270e-01
0.100,6.901213998e-01,6.130563083e-01,2.092444173e-01,7.628978671e-01
0.150,6.817182789e-01,6.048804131e-01,1.316589868e-01,4.925091718e-01
0.200,6.627597891e-01,7.055554899e-01,1.318118286e-01,3.260978645e-01
0.250,6.291494809e-01,5.617190189e-01,1.758524394e-01,2.697695486e-01
0.300,7.252234676e-01,6.234582094e-01,1.072751843e-01,3.784620350e-01
0.350,7.051337505e-01,7.227851420e-01,1.117777476e-01,9.465966861e-01
0.400,6.196675229e-01,6.928660992e-01,1.407633034e-01,3.967303846e-01
0.450,7.467733771e-01,7.280064358e-01,1.121296344e-01,2.580944700e-01
0.500,7.577054893e-01,6.814409936e-01,7.476313475e-02,1.622977193e-01