x,y1,y2,m1,m2
0.000,2.711319438e-02,0.000000000e+00,1.124816448e-02,0.000000000e+00
0.025,7.688573502e-01,NaN,6.140902997e-02,NaN
0.050,7.268175160e-01,NaN,9.463001769e-02,NaN
0.100,6.567852332e-01,7.474799202e-01,2.011227890e-01,1.091085872e-01
0.150,6.538269101e-01,7.474821739e-01,1.365141883e-01,1.123914329e-01
0.200,6.770250227e-01,NaN,1.120495960e-01,NaN
0.250,6.015642919e-01,NaN,1.267449480e-01,NaN
0.300,7.028469350e-01,8.429400895e-01,9.663671240e-02,NaN
0.350,7.082035577e-01,NaN,1.026384040e-01,NaN
0.400,6.387628037e-01,NaN,1.163525552e-01,NaN
0.450,7.405177300e-01,NaN,9.172369327e-02,NaN
0.500,7.345950360e-01,NaN,6.545093689e-02,NaN