x,yOn,mOn,yOff,mOff
0.00,3.693133870e+00,4.748879267e-01,2.463478343e+00,4.327911886e-01
0.03,3.647874720e+00,1.717612325e-01,2.455691217e+00,1.598382640e-01
0.05,3.681731571e+00,1.733933536e-01,2.469643852e+00,1.672537931e-01
0.10,3.673335097e+00,1.797996146e-01,2.388506986e+00,1.786463419e-01
0.15,3.667918849e+00,1.863647223e-01,2.425995409e+00,1.838076822e-01
0.20,3.646899298e+00,1.916407797e-01,2.440428381e+00,1.929056140e-01
0.25,3.466711956e+00,2.049009951e-01,2.350206760e+00,2.020378581e-01
0.30,3.366039585e+00,2.148651392e-01,2.190746866e+00,2.097623084e-01
0.35,3.432273969e+00,2.124636090e-01,2.200873996e+00,2.110872414e-01
0.40,3.354854985e+00,2.172056552e-01,2.042638867e+00,2.156077014e-01
0.45,3.352031463e+00,2.192661585e-01,1.902323360e+00,2.172570504e-01
0.50,3.146796429e+00,2.282857550e-01,1.769506723e+00,2.189313855e-01