x,yOn,mOn,yOff,mOff
0.00,NaN,NaN,0.000000000e+00,0.000000000e+00
0.03,1.294693741e-02,6.168645542e-03,4.469503229e-02,2.590760804e-02
0.05,2.115950906e-02,8.206813827e-03,7.743805229e-02,4.020043498e-02
0.10,9.348006720e-02,7.684259289e-02,1.958484916e-01,1.445934158e-01
0.15,1.135045767e-01,7.750948564e-02,2.271750355e-01,1.460560109e-01
0.20,1.490740933e-01,7.783581698e-02,2.974124606e-01,1.463434211e-01
0.25,1.799896149e-01,9.181726888e-02,3.517211106e-01,1.630822752e-01
0.30,1.919176143e-01,8.205960009e-02,4.486186920e-01,1.770256609e-01
0.35,2.279071398e-01,9.649320755e-02,4.795721196e-01,1.898740433e-01
0.40,2.601927036e-01,1.003484198e-01,5.562959261e-01,1.960004017e-01
0.45,2.844697087e-01,1.071122321e-01,5.773577875e-01,2.141752631e-01
0.50,2.728143789e-01,1.005526819e-01,5.739231117e-01,2.057668184e-01