x,yOn,mOn,yOff,mOff
0.00,2.151622092e+01,6.046506068e+00,7.027875236e+00,8.536684856e-01
0.03,1.975275602e+01,2.037131895e+00,6.617568379e+00,3.129393359e-01
0.05,1.850017961e+01,1.968959417e+00,6.256329721e+00,3.094497209e-01
0.10,1.502126941e+01,1.461956064e+00,5.641068479e+00,3.282823856e-01
0.15,1.348585631e+01,1.389711971e+00,5.352934491e+00,3.396672170e-01
0.20,1.148814810e+01,1.273461600e+00,4.875560434e+00,3.288594452e-01
0.25,1.078768491e+01,1.247495592e+00,4.425569329e+00,3.268297035e-01
0.30,9.723584035e+00,1.333467586e+00,3.910384742e+00,3.345764300e-01
0.35,9.775560404e+00,1.463615326e+00,3.808867476e+00,3.344766047e-01
0.40,8.292520563e+00,1.043360379e+00,3.358651441e+00,3.180900697e-01
0.45,7.434660110e+00,1.015002305e+00,3.012202722e+00,3.076479727e-01
0.50,6.783693808e+00,1.035059440e+00,2.641113086e+00,2.898652634e-01