x,y1,y2,y3,y4,m1,m2,m3,m4
0.000,0.000000000e+00,NaN,NaN,NaN,0.000000000e+00,NaN,NaN,NaN
0.025,1.017495724e+01,-3.174809488e+01,4.004219647e-01,-7.394285246e-01,1.109321517e+01,2.098902795e+01,1.093904497e+01,9.712299779e-01
0.050,1.987875243e-02,-5.627854323e-02,8.441013227e-04,-1.110904457e-03,1.826435870e-02,3.389013572e-02,1.037116946e-02,5.813591824e-03
0.100,8.507017426e-02,-1.023684244e-01,3.764911500e-02,-1.660740614e-03,6.778936307e-02,7.011600682e-02,6.567721495e-02,6.287681242e-03
0.150,9.325362280e-02,-1.136704589e-01,1.736347815e-02,7.534807641e-04,6.853798640e-02,6.793567396e-02,6.608834776e-02,7.533841271e-03
0.200,1.251153451e-01,-1.483383673e-01,1.669291923e-02,-8.180577912e-05,6.896939485e-02,7.059240782e-02,6.564599163e-02,1.023771356e-02
0.250,1.598990996e-01,-1.717314957e-01,-5.912057707e-03,-9.964754273e-03,7.980941905e-02,7.915235922e-02,7.665976181e-02,3.255027431e-02
0.300,1.924222018e-01,-2.567010777e-01,-1.420451841e-02,-1.649486498e-02,8.367819077e-02,9.893382442e-02,8.009719141e-02,3.476443163e-02
0.350,2.141216785e-01,-2.516649798e-01,-1.054842073e-03,-1.387338419e-02,9.329298983e-02,1.354491453e-01,8.809197977e-02,3.242230146e-02
0.400,2.628929327e-01,-2.961032225e-01,-2.294323475e-02,-2.613359435e-03,1.007530573e-01,1.392674070e-01,9.235317909e-02,3.196624991e-02
0.450,2.939556568e-01,-2.928880788e-01,-3.991399114e-02,1.203402092e-02,1.082892996e-01,1.477704028e-01,1.021669322e-01,4.823985464e-02
0.500,2.886233400e-01,-3.011087328e-01,-3.518739215e-02,-5.983088414e-03,1.034639312e-01,1.462874740e-01,9.629775218e-02,3.784289601e-02