x,y1,y2,y3,y4,m1,m2,m3,m4
0.000,1.119374197e+01,NaN,NaN,NaN,3.661177382e+00,NaN,NaN,NaN
0.025,1.009201758e+01,1.011709891e+01,1.117044540e+01,1.119569852e+01,1.756963747e+00,1.704180486e+00,1.826972363e+00,1.823502879e+00
0.050,9.276509518e+00,9.230026828e+00,1.063411867e+01,1.062883939e+01,1.693166034e+00,1.630061731e+00,1.773639706e+00,1.767601267e+00
0.100,7.153131009e+00,7.158036234e+00,9.247802462e+00,9.230327855e+00,1.239409339e+00,1.190479477e+00,1.368126171e+00,1.366604759e+00
0.150,6.356354044e+00,6.047842884e+00,9.560542898e+00,9.565355085e+00,1.246756734e+00,1.022420131e+00,1.632744387e+00,1.632793703e+00
0.200,5.022100048e+00,4.807794253e+00,9.471769340e+00,9.479865075e+00,1.081454741e+00,9.693847131e-01,1.792298678e+00,1.794515448e+00
0.250,4.535764225e+00,4.328860572e+00,9.142930810e+00,9.112204949e+00,1.084400872e+00,8.948965756e-01,1.768563578e+00,1.757238268e+00
0.300,3.577458947e+00,3.859187074e+00,7.589615979e+00,7.565765450e+00,9.775853501e-01,1.098461914e+00,1.577526726e+00,1.567783663e+00
0.350,3.725279179e+00,3.518521476e+00,6.887434695e+00,6.876666803e+00,1.274361007e+00,9.938479134e-01,1.457033608e+00,1.455651946e+00
0.400,2.703269120e+00,2.733920402e+00,6.499495054e+00,6.510330077e+00,8.443888250e-01,7.776552715e-01,1.446642726e+00,1.447027518e+00
0.450,2.281836559e+00,2.048843954e+00,5.481968677e+00,5.471954224e+00,8.768530473e-01,6.532053869e-01,1.281966232e+00,1.281016879e+00
0.500,1.960174475e+00,1.701591777e+00,4.824617540e+00,4.819680621e+00,9.138415728e-01,6.225639260e-01,1.280302312e+00,1.279935239e+00