x,yOn,mOn,yOff,mOff
0.00,0.000000000e+00,0.000000000e+00,0.000000000e+00,0.000000000e+00
0.03,1.949797104e+01,1.312786455e+01,9.323013806e+00,2.846670662e+00
0.05,3.458876655e-02,2.049225204e-02,1.471001412e-02,3.213533371e-03
0.10,1.148672268e-01,8.162789615e-02,2.979705256e-02,9.763572522e-03
0.15,1.317967145e-01,8.252209051e-02,3.854309165e-02,1.018886094e-02
0.20,1.741793229e-01,8.298879375e-02,4.906397787e-02,1.072601196e-02
0.25,2.128772312e-01,9.393699920e-02,5.297813154e-02,1.059711846e-02
0.30,2.563451775e-01,9.813021635e-02,6.392297566e-02,1.314972859e-02
0.35,2.839306541e-01,1.070787846e-01,6.980897560e-02,1.415506590e-02
0.40,3.355686299e-01,1.112015307e-01,7.267569724e-02,1.310918838e-02
0.45,3.624347025e-01,1.210064157e-01,6.847904562e-02,1.045448493e-02
0.50,3.559960427e-01,1.158444174e-01,6.737270267e-02,1.024071222e-02