x,y1,y2,m1,m2
0.000,2.463478343e+00,3.693133870e+00,4.327911886e-01,4.748879267e-01
0.025,2.507015386e+00,3.706644680e+00,1.087703173e-01,1.170129901e-01
0.050,2.533635508e+00,3.743750369e+00,1.124450402e-01,1.175992506e-01
0.100,2.518806780e+00,3.753885991e+00,1.181583864e-01,1.215142644e-01
0.150,2.529404971e+00,3.768434432e+00,1.191330123e-01,1.236138033e-01
0.200,2.637626916e+00,3.776665617e+00,1.264558107e-01,1.255934117e-01
0.250,2.701031714e+00,3.765975703e+00,1.309576158e-01,1.287174068e-01
0.300,2.683443707e+00,3.778756855e+00,1.380579157e-01,1.334750168e-01
0.350,2.730289158e+00,3.810176674e+00,1.401173729e-01,1.332701031e-01
0.400,2.719201124e+00,3.802769940e+00,1.460777852e-01,1.355402021e-01
0.450,2.725304337e+00,3.843247871e+00,1.508980605e-01,1.357475169e-01
0.500,2.781661299e+00,3.776828048e+00,1.570763524e-01,1.423328807e-01