x,y1,y2,y3,y4,m1,m2,m3,m4
0.000,1.448834569e+01,NaN,NaN,NaN,5.494517819e+00,NaN,NaN,NaN
0.025,1.313518764e+01,3.410304800e-02,-1.075605146e-01,1.606467577e-01,1.859475830e+00,2.567488404e-01,6.264990743e-01,4.378859083e-01
0.050,1.224384989e+01,-5.929890776e-02,-2.318107742e-01,4.395807614e-01,1.794013902e+00,3.625428748e-01,6.710238727e-01,4.635507890e-01
0.100,9.380200927e+00,-5.475284510e-02,6.643547797e-01,4.454844176e-01,1.332328550e+00,4.646958741e-01,9.203010608e-01,5.516494160e-01
0.150,8.132921818e+00,-3.178302804e-01,1.088405832e+00,7.632623479e-01,1.282749130e+00,5.817021135e-01,1.042516890e+00,5.652311674e-01
0.200,6.612587666e+00,-2.339138992e-01,1.347894092e+00,7.710489408e-01,1.179741516e+00,5.354638757e-01,9.996875111e-01,5.680207925e-01
0.250,6.362115581e+00,-2.670794025e-01,1.339951927e+00,5.701276347e-01,1.141711683e+00,6.061469113e-01,9.757254231e-01,5.951916103e-01
0.300,5.813199293e+00,1.682835426e-01,3.525430161e-01,2.714914641e-01,1.209268954e+00,6.333498489e-01,1.092018682e+00,4.158557765e-01
0.350,5.966692928e+00,-2.360172516e-01,1.987531461e-01,2.559212274e-01,1.337632514e+00,7.899679841e-01,1.169272461e+00,5.832088453e-01
0.400,4.933869122e+00,-1.991210219e-02,9.183463128e-01,3.005061889e-01,9.717740400e-01,6.326062309e-01,7.610355183e-01,4.763430564e-01
0.450,4.422457389e+00,-2.735873787e-01,1.322111442e+00,-1.241924698e-02,9.308885672e-01,6.985859255e-01,7.868658709e-01,3.387694052e-01
0.500,4.142580721e+00,-2.821034231e-01,1.882863412e+00,1.798455450e-01,9.466487088e-01,6.455219038e-01,8.133187589e-01,2.887637585e-01