x,y1,y2,y3,y4,m1,m2,m3,m4
0.000,1.229655527e+00,NaN,NaN,NaN,3.247965467e-01,NaN,NaN,NaN
0.025,1.192183502e+00,4.076981254e-02,6.423359294e-02,-1.587077923e-03,1.199000649e-01,6.031001145e-02,4.603624141e-02,2.758386848e-02
0.050,1.212087720e+00,4.346232550e-02,9.055787399e-02,2.193596579e-02,1.255284545e-01,7.991961013e-02,6.937496981e-02,4.044073485e-02
0.100,1.284828111e+00,4.271035367e-02,2.763877209e-01,1.289933774e-02,1.344524312e-01,8.683169807e-02,9.858645446e-02,5.141974870e-02
0.150,1.241923440e+00,1.043513387e-01,2.907962042e-01,3.760533300e-02,1.492501923e-01,9.743736545e-02,1.144522444e-01,5.697117475e-02
0.200,1.206470918e+00,1.287302634e-01,4.095933816e-01,1.516362549e-02,1.568170575e-01,1.113358282e-01,1.469718327e-01,6.607294974e-02
0.250,1.116505196e+00,1.115557465e-01,4.444978409e-01,7.612440082e-03,1.685102660e-01,1.187961256e-01,1.524865465e-01,6.464245999e-02
0.300,1.175292718e+00,1.432564928e-01,6.430427484e-01,-1.241617566e-02,1.780380017e-01,1.249246129e-01,1.596336891e-01,5.851473459e-02
0.350,1.231399972e+00,2.224054316e-01,5.840920721e-01,-1.689155326e-02,1.927593784e-01,1.564296674e-01,1.627801478e-01,6.753022878e-02
0.400,1.312216118e+00,2.455398381e-01,7.612528880e-01,-8.464459317e-03,1.936738377e-01,1.502262007e-01,1.732232474e-01,6.851147616e-02
0.450,1.449708103e+00,2.522933050e-01,8.537570160e-01,-3.669283357e-02,1.992580576e-01,1.599863664e-01,1.848969683e-01,7.531462999e-02
0.500,1.377289706e+00,2.775880077e-01,1.021076863e+00,-1.262186967e-02,2.028159725e-01,1.578240313e-01,1.965401358e-01,6.933765062e-02