x,y1,y2,y3,y4,m1,m2,m3,m4
0.000,1.325869016e+01,NaN,NaN,NaN,5.585594340e+00,NaN,NaN,NaN
0.025,1.192265422e+01,2.508133034e-02,-1.725949515e-01,1.637126926e-01,1.881217518e+00,2.534684947e-01,6.209871538e-01,4.345578256e-01
0.050,1.099200466e+01,-4.648269003e-02,-3.240568508e-01,4.198666045e-01,1.811578347e+00,3.627926438e-01,6.679245820e-01,4.640955213e-01
0.100,7.925232467e+00,4.905225590e-03,3.126688288e-01,4.359065611e-01,1.315628378e+00,4.687653706e-01,8.706463289e-01,5.539652643e-01
0.150,6.704491132e+00,-3.085111602e-01,7.628826718e-01,7.241500534e-01,1.261922568e+00,5.836943347e-01,9.971525502e-01,5.631699775e-01
0.200,5.155886106e+00,-2.143057953e-01,9.049148243e-01,7.560489746e-01,1.150458231e+00,5.229365063e-01,9.627521701e-01,5.608218851e-01
0.250,4.925812186e+00,-2.069036533e-01,9.072782014e-01,5.824447032e-01,1.110818338e+00,5.905748422e-01,9.289777870e-01,5.877565532e-01
0.300,4.253062171e+00,2.817281274e-01,-2.620906955e-01,3.168973697e-01,1.188977583e+00,6.199711695e-01,1.052622390e+00,4.037911520e-01
0.350,4.307049599e+00,-2.067577034e-01,-3.832292418e-01,3.005595491e-01,1.314222360e+00,7.748437066e-01,1.139038975e+00,5.837710572e-01
0.400,3.095867114e+00,3.065128228e-02,2.029798697e-01,3.141973425e-01,9.208496600e-01,6.047165392e-01,6.944018465e-01,4.602681724e-01
0.450,2.384837972e+00,-2.329926049e-01,5.481824082e-01,2.055447616e-04,8.825176777e-01,6.807861020e-01,7.245615293e-01,3.386876947e-01
0.500,2.188044335e+00,-2.585826979e-01,9.321613342e-01,2.044335915e-01,8.989542981e-01,6.164117853e-01,7.517028057e-01,2.857561965e-01