x,y1,y2,m1,m2
0.000,1.119374197e+01,NaN,3.431254017e+00,NaN
0.025,1.073707278e+01,1.055055742e+01,1.179277528e+00,1.181260391e+00
0.050,1.009097650e+01,9.793770703e+00,1.141788451e+00,1.138165672e+00
0.100,8.211324281e+00,8.183324499e+00,8.317389664e-01,8.900992086e-01
0.150,7.768413586e+00,7.996633870e+00,9.025671171e-01,9.812742656e-01
0.200,7.028770200e+00,7.361994158e+00,9.019142851e-01,1.061330042e+00
0.250,6.690108902e+00,6.869771375e+00,9.285846248e-01,1.002894171e+00
0.300,5.892429005e+00,5.403584720e+00,9.368014695e-01,8.560626023e-01
0.350,5.483009685e+00,5.020941392e+00,9.298501199e-01,8.216388590e-01
0.400,4.646342948e+00,4.577164379e+00,7.733779475e-01,8.100632953e-01
0.450,3.818920281e+00,3.823381427e+00,6.674119619e-01,7.564118512e-01
0.500,3.180245563e+00,3.472786644e+00,6.588789321e-01,7.624537810e-01