x,yOn,mOn,yOff,mOff
0.00,NaN,NaN,3.078306107e+00,3.441372045e-01
0.03,3.106445408e+00,1.207820809e-01,3.107214659e+00,1.223182256e-01
0.05,3.144203823e+00,1.225447645e-01,3.133182054e+00,1.247023174e-01
0.10,3.140669497e+00,1.270716659e-01,3.132023275e+00,1.297555476e-01
0.15,3.158394781e+00,1.281708804e-01,3.139444623e+00,1.316254083e-01
0.20,3.211635970e+00,1.313284626e-01,3.202656563e+00,1.344527805e-01
0.25,3.238416073e+00,1.342053925e-01,3.228591344e+00,1.369976178e-01
0.30,3.230166327e+00,1.406840996e-01,3.232034235e+00,1.425117920e-01
0.35,3.267525805e+00,1.411930490e-01,3.272940027e+00,1.434646429e-01
0.40,3.259735408e+00,1.450527687e-01,3.262235656e+00,1.476418210e-01
0.45,3.274876774e+00,1.483965163e-01,3.293675434e+00,1.500389590e-01
0.50,3.275771521e+00,1.530490192e-01,3.282717826e+00,1.550770309e-01