x,yOn,mOn,yOff,mOff
0.00,NaN,NaN,1.427204808e+01,3.404943095e+00
0.03,1.368999600e+01,1.172777968e+00,1.384011525e+01,1.174969664e+00
0.05,1.298375810e+01,1.129871033e+00,1.322767376e+01,1.138312646e+00
0.10,1.149905013e+01,8.999987361e-01,1.131295570e+01,8.431869289e-01
0.15,1.132010696e+01,9.892885959e-01,1.091311971e+01,9.104911368e-01
0.20,1.080438654e+01,1.057437992e+00,1.022391365e+01,9.043121746e-01
0.25,1.035510742e+01,1.003712752e+00,9.937635635e+00,9.289848795e-01
0.30,8.957859116e+00,8.597517751e-01,9.120623324e+00,9.413848286e-01
0.35,8.623610877e+00,8.238868552e-01,8.774545662e+00,9.332413139e-01
0.40,8.226669854e+00,8.136697960e-01,7.927052864e+00,7.791595698e-01
0.45,7.525580688e+00,7.618107547e-01,7.116186976e+00,6.755238435e-01
0.50,7.202931029e+00,7.675645106e-01,6.431959270e+00,6.674171369e-01