x,y1,y2,m1,m2
0.000,3.078306107e+00,NaN,3.441372045e-01,NaN
0.025,3.088832191e+00,3.124827876e+00,1.218097506e-01,1.212706204e-01
0.050,3.112469921e+00,3.164915956e+00,1.236922365e-01,1.235159844e-01
0.100,3.048123840e+00,3.224568932e+00,1.301874228e-01,1.262778002e-01
0.150,3.068217956e+00,3.229621448e+00,1.316631799e-01,1.278394322e-01
0.200,3.091868261e+00,3.322424273e+00,1.347914835e-01,1.303933040e-01
0.250,3.111643022e+00,3.355364395e+00,1.381304417e-01,1.324061226e-01
0.300,3.060957983e+00,3.401242579e+00,1.444716056e-01,1.374798771e-01
0.350,3.114138741e+00,3.426327091e+00,1.449993684e-01,1.386200655e-01
0.400,3.065116135e+00,3.456854929e+00,1.502354877e-01,1.408273265e-01
0.450,3.061852825e+00,3.506699383e+00,1.533064179e-01,1.430729052e-01
0.500,3.022435638e+00,3.536053709e+00,1.592032587e-01,1.462134076e-01