x,yOn,mOn,yOff,mOff
0.00,NaN,NaN,1.119374197e+01,3.431254017e+00
0.03,1.001826077e+01,1.629993134e+00,1.019085572e+01,1.610638206e+00
0.05,9.091239748e+00,1.551778278e+00,9.415296599e+00,1.559962899e+00
0.10,7.311918036e+00,1.227017448e+00,6.999249207e+00,1.038703517e+00
0.15,6.583539800e+00,1.208167129e+00,5.820657128e+00,8.988558835e-01
0.20,5.367404562e+00,1.168054226e+00,4.462489738e+00,6.865254162e-01
0.25,4.885951499e+00,1.131017610e+00,3.978673298e+00,6.631372902e-01
0.30,3.587277663e+00,8.913924156e-01,3.849368358e+00,1.051507257e+00
0.35,3.430285707e+00,8.959801359e-01,3.813514949e+00,1.219890391e+00
0.40,2.820084696e+00,8.548404104e-01,2.617104826e+00,6.488666948e-01
0.45,2.439431461e+00,8.983291244e-01,1.891249052e+00,4.823107545e-01
0.50,2.296963793e+00,9.419546543e-01,1.364802459e+00,4.134627324e-01