x,yOn,mOn,yOff,mOff
0.00,2.065885033e+06,1.606914734e+06,1.844283346e+09,5.292119785e+09
0.03,2.253762787e+06,7.034417564e+05,2.047755389e+09,2.031345055e+09
0.05,2.407535782e+06,7.122729832e+05,1.941157181e+09,1.920174748e+09
0.10,2.453719124e+06,7.058169038e+05,2.872386839e+06,7.324697606e+05
0.15,1.343637082e+07,1.187075621e+07,3.334096905e+06,7.720173245e+05
0.20,1.491561276e+07,1.224084728e+07,2.967903547e+06,5.566871277e+05
0.25,6.353191133e+08,1.105082788e+09,3.284960114e+06,7.289051987e+05
0.30,6.311653322e+08,1.097935884e+09,3.536174786e+06,8.248951331e+05
0.35,6.311494547e+08,1.097373094e+09,3.611040950e+06,7.723908293e+05
0.40,6.289383910e+08,1.092734803e+09,3.328124028e+06,6.921032402e+05
0.45,4.209475746e+08,8.854957423e+08,Inf,NaN
0.50,4.290900907e+08,9.035993443e+08,Inf,NaN