x,y1,y2,y3,y4,m1,m2,m3,m4
0.000,-6.326075637e-02,NaN,NaN,NaN,2.729381079e-02,NaN,NaN,NaN
0.025,-5.638449386e-02,5.079776523e-03,-4.042007105e-03,1.078533330e-03,8.998315835e-03,3.707915455e-03,3.114264056e-03,2.465653062e-03
0.050,-6.229139457e-02,2.544878439e-03,-5.415311674e-03,3.066082466e-03,9.451365244e-03,6.524555576e-03,5.447681367e-03,4.247824440e-03
0.100,-4.564742741e-02,6.079810053e-03,-5.315070865e-03,4.837999550e-03,1.013980882e-02,7.636269451e-03,8.167560911e-03,4.790751824e-03
0.150,-4.631533514e-02,2.658503329e-03,-2.853409731e-04,7.783620542e-03,1.201595781e-02,9.673489519e-03,1.080513852e-02,6.851976522e-03
0.200,-4.434859208e-02,3.106322147e-03,-9.460335637e-03,1.568674830e-02,1.329781489e-02,9.996267859e-03,1.201102659e-02,8.816374304e-03
0.250,-3.425710768e-02,7.353988750e-03,-7.151588753e-03,9.424797162e-03,1.281091617e-02,1.015056911e-02,1.090368812e-02,7.330921781e-03
0.300,-2.023450847e-02,-4.227741790e-03,-1.684247994e-03,8.444523322e-03,1.138096003e-02,9.718344810e-03,9.636466209e-03,7.769270769e-03
0.350,-1.188520552e-02,-2.369268333e-03,-5.032245225e-03,6.114532205e-03,1.088698902e-02,9.642935766e-03,1.086572316e-02,5.992838093e-03
0.400,-1.040539184e-02,-6.079831837e-03,-1.411545228e-03,4.536229809e-03,9.761239424e-03,9.024211706e-03,9.325676880e-03,5.976128737e-03
0.450,-3.995283472e-03,-1.066575131e-02,-4.503795363e-03,7.943266057e-03,1.020564093e-02,9.328815101e-03,1.038468889e-02,6.704099633e-03
0.500,-8.406361343e-04,-8.643292626e-03,-5.427761783e-03,7.094670896e-03,1.028961570e-02,9.107107206e-03,1.015620155e-02,7.144034130e-03