x,y1,y2,m1,m2
0.000,1.086488698e-01,4.538811347e-02,3.139776619e-02,1.840144664e-02
0.025,9.895650082e-02,4.159682559e-02,7.436945650e-03,4.361446150e-03
0.050,9.953405983e-02,3.890260180e-02,7.836933355e-03,4.071165473e-03
0.100,9.206314045e-02,3.813579308e-02,8.271916577e-03,4.342392191e-03
0.150,9.472902991e-02,3.729741797e-02,8.918048533e-03,4.491368907e-03
0.200,8.675234380e-02,3.292364381e-02,9.318074764e-03,4.140446354e-03
0.250,7.997841228e-02,3.211599917e-02,8.924558592e-03,4.574519344e-03
0.300,6.435055557e-02,2.594358561e-02,8.037054261e-03,4.055886744e-03
0.350,5.603902366e-02,2.622585646e-02,7.435477464e-03,4.509685218e-03
0.400,4.768420447e-02,2.140340647e-02,7.046108468e-03,3.987425745e-03
0.450,4.217462575e-02,2.151812996e-02,7.036476475e-03,4.296759814e-03
0.500,3.660307185e-02,1.826425568e-02,6.888957717e-03,4.009194483e-03