x,yOn,mOn,yOff,mOff
0.00,NaN,NaN,7.701849166e-02,1.922425499e-02
0.03,6.582059326e-02,9.179024062e-03,6.986260037e-02,9.236437996e-03
0.05,6.457313927e-02,9.562650244e-03,6.998845094e-02,9.933969548e-03
0.10,5.668658504e-02,9.301486816e-03,6.200165590e-02,1.088311191e-02
0.15,5.777182760e-02,1.059078083e-02,5.805716857e-02,1.167045648e-02
0.20,4.926140376e-02,1.052676189e-02,5.872173940e-02,1.259211427e-02
0.25,4.716602309e-02,1.045023563e-02,5.431761184e-02,1.252667757e-02
0.30,3.425524090e-02,8.965589127e-03,3.593948889e-02,9.810846250e-03
0.35,2.908411647e-02,8.181136858e-03,3.411636170e-02,9.840177075e-03
0.40,2.390375358e-02,7.665822062e-03,2.531529881e-02,8.585860211e-03
0.45,2.040530475e-02,7.803424885e-03,2.490910011e-02,9.047849331e-03
0.50,1.712312156e-02,7.558040025e-03,2.255088334e-02,9.100877292e-03