x,y1,y2,y3,y4,m1,m2,m3,m4
0.000,7.701849166e-02,NaN,NaN,NaN,2.051244449e-02,NaN,NaN,NaN
0.025,6.530170855e-02,7.038148508e-02,7.240909869e-02,7.301436051e-02,9.527631124e-03,1.012210615e-02,9.612553524e-03,9.647003899e-03
0.050,6.600835589e-02,6.855323433e-02,7.109197517e-02,7.121975788e-02,1.040851130e-02,1.042070412e-02,9.591253186e-03,9.586062992e-03
0.100,5.630421544e-02,6.238402550e-02,7.109822186e-02,7.061140428e-02,1.091663459e-02,1.068917760e-02,9.950623322e-03,9.911014338e-03
0.150,5.658524642e-02,5.924374975e-02,7.399681546e-02,7.422708414e-02,1.250764108e-02,1.125924310e-02,1.016969860e-02,1.020211713e-02
0.200,5.243841050e-02,5.554473265e-02,6.549198301e-02,6.587684905e-02,1.279623923e-02,1.198794947e-02,9.961381945e-03,9.980644456e-03
0.250,4.706482309e-02,5.441881184e-02,6.129942502e-02,6.140576295e-02,1.260478554e-02,1.201127918e-02,9.481115629e-03,9.479043529e-03
0.300,3.721123579e-02,3.298349400e-02,5.506115643e-02,5.533239615e-02,1.109068256e-02,8.862053220e-03,9.440189029e-03,9.456781199e-03
0.350,3.278487325e-02,3.041560492e-02,5.075336697e-02,5.057591511e-02,1.045274958e-02,8.808854500e-03,8.980779847e-03,8.989693942e-03
0.400,2.764944212e-02,2.156961028e-02,4.486410667e-02,4.409206280e-02,9.910463413e-03,7.269538398e-03,8.782977176e-03,8.450709459e-03
0.450,2.799007809e-02,1.732432678e-02,4.106714850e-02,4.100395805e-02,1.081072217e-02,6.756860506e-03,8.507981635e-03,8.521527017e-03
0.500,2.415864876e-02,1.551535614e-02,3.502009470e-02,3.504055547e-02,1.029169138e-02,7.317229499e-03,8.016574702e-03,8.010152221e-03