x,yOn,mOn,yOff,mOff
0.00,NaN,NaN,9.231746154e+08,2.849516077e+09
0.03,1.033143640e+09,1.549592999e+09,1.016865512e+09,1.555771447e+09
0.05,9.897421153e+08,1.480430317e+09,9.538226013e+08,1.454264999e+09
0.10,2.373784991e+06,6.817356950e+05,2.952320972e+06,8.019237889e+05
0.15,8.291152556e+06,8.249260293e+06,8.479315174e+06,8.332555196e+06
0.20,8.312800831e+06,8.230292444e+06,9.570715479e+06,8.857108477e+06
0.25,4.222917229e+08,8.770697376e+08,2.163123505e+08,6.368482521e+08
0.30,4.242215580e+08,8.807736840e+08,2.104799489e+08,6.190440012e+08
0.35,4.164593501e+08,8.637638958e+08,2.183011456e+08,6.425983503e+08
0.40,4.171347124e+08,8.658879620e+08,2.151318026e+08,6.317155940e+08
0.45,Inf,NaN,8.714335459e+06,8.057248859e+06
0.50,Inf,NaN,Inf,NaN