x,y1,y2,m1,m2
0.000,7.701849166e-02,NaN,1.922425499e-02,NaN
0.025,6.999572402e-02,7.055760240e-02,6.466659225e-03,6.448038693e-03
0.050,6.835324356e-02,7.008341807e-02,6.637440566e-03,6.640559860e-03
0.100,6.402809897e-02,6.617083457e-02,6.928244161e-03,6.863085163e-03
0.150,6.406435749e-02,6.796209039e-02,7.375505781e-03,7.357651873e-03
0.200,5.596540448e-02,6.371058313e-02,7.013776931e-03,7.883125180e-03
0.250,5.382758974e-02,5.826682171e-02,7.083472707e-03,7.495598062e-03
0.300,4.285578870e-02,4.743835249e-02,6.169915585e-03,6.819095290e-03
0.350,3.958387372e-02,4.268100640e-02,6.066000393e-03,6.382858653e-03
0.400,3.352591996e-02,3.556169097e-02,5.709161835e-03,5.865359128e-03
0.450,2.979559872e-02,3.389715699e-02,5.560468851e-03,6.134112124e-03
0.500,2.563212921e-02,2.923519833e-02,5.396089353e-03,5.897230246e-03