x,y1,y2,m1,m2
0.000,3.899069250e-01,2.581650746e-01,1.226525235e-01,1.307814154e-01
0.025,3.497002684e-01,2.349227038e-01,2.873084777e-02,3.003820822e-02
0.050,3.460817833e-01,2.061707447e-01,2.931020081e-02,2.683904593e-02
0.100,3.131613271e-01,1.810651815e-01,2.907923034e-02,2.556137477e-02
0.150,3.082825875e-01,1.830764066e-01,2.903185409e-02,2.664510265e-02
0.200,2.849565802e-01,1.839262422e-01,2.995248138e-02,2.845621883e-02
0.250,2.656352444e-01,1.677866159e-01,2.912523142e-02,2.745513680e-02
0.300,2.154407788e-01,1.348386756e-01,2.710808932e-02,2.524408235e-02
0.350,1.926851618e-01,1.277841666e-01,2.620320417e-02,2.392259573e-02
0.400,1.648820547e-01,1.088769697e-01,2.507893750e-02,2.238553284e-02
0.450,1.418627277e-01,1.008850813e-01,2.415211651e-02,2.192725205e-02
0.500,1.234771764e-01,9.423506810e-02,2.302414493e-02,2.160617319e-02