x,yOn,mOn,yOff,mOff
0.00,NaN,NaN,5.044121959e+08,1.549603356e+09
0.03,4.620365525e+08,6.917274670e+08,4.557080317e+08,6.967911420e+08
0.05,4.906492524e+08,7.348320889e+08,5.201946658e+08,7.897184950e+08
0.10,3.553252861e+06,3.817051494e+06,3.759251992e+06,3.871299618e+06
0.15,7.473982127e+06,1.108501015e+07,7.733820930e+06,1.342666437e+07
0.20,1.147415494e+07,1.679394862e+07,8.030439091e+06,1.446878636e+07
0.25,3.098815211e+07,5.761450983e+07,1.703285306e+07,4.188489072e+07
0.30,3.128763780e+07,5.787848445e+07,1.669163267e+07,4.071585404e+07
0.35,3.081247290e+07,5.676036077e+07,1.719276824e+07,4.220807665e+07
0.40,3.094584412e+07,5.687366139e+07,1.717260628e+07,4.154185683e+07
0.45,Inf,NaN,3.674822678e+06,3.155208644e+06
0.50,Inf,NaN,Inf,NaN