x,y1,y2,m1,m2
0.000,3.240359998e-01,NaN,8.941692311e-02,NaN
0.025,2.902790745e-01,2.943438977e-01,2.956317128e-02,2.962779267e-02
0.050,2.717100601e-01,2.805424680e-01,2.831684703e-02,2.866047255e-02
0.100,2.388402403e-01,2.553862682e-01,2.715033167e-02,2.826961503e-02
0.150,2.347380134e-01,2.566209807e-01,2.740222092e-02,2.885823604e-02
0.200,2.213773445e-01,2.475054779e-01,2.851805463e-02,3.010598967e-02
0.250,2.089506595e-01,2.244712007e-01,2.803275037e-02,2.880485993e-02
0.300,1.691616569e-01,1.811177975e-01,2.593738599e-02,2.657294957e-02
0.350,1.542552166e-01,1.662141117e-01,2.468871917e-02,2.550080810e-02
0.400,1.322031983e-01,1.415558260e-01,2.336212187e-02,2.415202675e-02
0.450,1.148162829e-01,1.279315261e-01,2.233764231e-02,2.366473647e-02
0.500,1.022280274e-01,1.154842171e-01,2.155265738e-02,2.292194783e-02