x,yOn,mOn,yOff,mOff
0.00,NaN,NaN,3.240359998e-01,8.941692311e-02
0.03,2.877708705e-01,4.192528842e-02,2.796946892e-01,4.133543024e-02
0.05,2.787167533e-01,4.144273526e-02,2.612250498e-01,4.012993853e-02
0.10,2.393258474e-01,3.977529868e-02,2.048024161e-01,3.574552063e-02
0.15,2.264896632e-01,4.019280986e-02,1.825630917e-01,3.481879122e-02
0.20,2.120198019e-01,4.073156639e-02,1.587483930e-01,3.444722697e-02
0.25,1.878629415e-01,3.879812285e-02,1.515421774e-01,3.468584000e-02
0.30,1.368012224e-01,3.434600520e-02,1.136524769e-01,3.154641702e-02
0.35,1.251726139e-01,3.328313300e-02,1.011998496e-01,2.986632893e-02
0.40,1.015863027e-01,3.113342108e-02,8.119731286e-02,2.738559204e-02
0.45,9.156185527e-02,3.017757047e-02,6.508224794e-02,2.480823092e-02
0.50,8.422334535e-02,2.953976363e-02,5.852120731e-02,2.444015259e-02