x,y1,y2,y3,y4,m1,m2,m3,m4
0.000,-9.967851661e+08,NaN,NaN,NaN,2.878169492e+09,NaN,NaN,NaN
0.025,-9.054567579e+08,6.328520820e+06,4.503675610e+06,-4.371488304e+07,9.096320267e+08,1.148120441e+08,1.126829622e+08,1.562348096e+08
0.050,-9.985104025e+08,-2.954541344e+07,3.694304626e+07,-4.153359472e+07,9.987101658e+08,8.984854677e+07,9.914865028e+07,8.891640908e+07
0.100,5.280642257e+06,-2.059991317e+05,-4.522835341e+04,-8.978731506e+04,5.039126085e+06,1.960874804e+05,1.815201781e+05,1.686881079e+05
0.150,1.283382831e+07,-2.598388033e+05,7.507292736e+06,-1.262896762e+06,1.612010816e+07,1.446287218e+07,1.527767698e+07,1.460805851e+07
0.200,1.711766278e+07,3.443715854e+06,1.163846480e+07,-4.829421822e+06,2.059002425e+07,1.092423985e+07,1.987767775e+07,1.281066755e+07
0.250,4.545620555e+07,1.395529905e+07,4.003309944e+07,-1.350781611e+07,6.629596387e+07,3.798459593e+07,6.537439970e+07,3.794436181e+07
0.300,4.523997417e+07,1.459600512e+07,3.983744312e+07,-1.327287445e+07,6.588350716e+07,3.801308502e+07,6.496915588e+07,3.687688514e+07
0.350,4.521117008e+07,1.361970466e+07,3.979425200e+07,-1.387976638e+07,6.582030748e+07,3.707748849e+07,6.490335023e+07,3.823411010e+07
0.400,4.518130790e+07,1.377323783e+07,3.959425705e+07,-1.376097185e+07,6.554833259e+07,3.700875011e+07,6.463290831e+07,3.762718829e+07
0.450,-Inf,Inf,-Inf,Inf,NaN,NaN,NaN,NaN
0.500,-Inf,NaN,NaN,NaN,NaN,NaN,NaN,NaN