x,y1,y2,m1,m2
0.000,1.416184116e+09,NaN,3.179599728e+09,NaN
0.025,1.531459570e+09,1.578062560e+09,1.281152186e+09,1.310836269e+09
0.050,1.473203362e+09,1.475399312e+09,1.186102568e+09,1.181001482e+09
0.100,1.460319345e+08,1.510188212e+08,9.502212745e+07,9.839639543e+07
0.150,1.427765010e+08,1.372935675e+08,9.517786338e+07,9.723797323e+07
0.200,2.677849178e+08,2.622762034e+08,2.054705193e+08,2.191549178e+08
0.250,2.647792937e+08,5.818966808e+08,2.328737984e+08,6.273440084e+08
0.300,9.290648927e+07,4.169164868e+08,6.053512069e+07,5.992653709e+08
0.350,1.020513732e+08,3.934182185e+08,9.371956078e+07,6.091543427e+08
0.400,7.847879358e+07,4.074906898e+08,3.640079977e+07,6.261132189e+08
0.450,9.519131220e+07,3.190843587e+08,4.191364481e+07,5.348158031e+08
0.500,9.782119773e+07,3.657631562e+08,4.155488131e+07,5.873054688e+08