x,y1,y2,m1,m2
0.000,1.416184116e+09,NaN,3.179599728e+09,NaN
0.025,1.518801602e+09,1.590249415e+09,1.264557237e+09,1.325949053e+09
0.050,1.468462783e+09,1.480107918e+09,1.182216630e+09,1.184931729e+09
0.100,1.476903051e+08,1.492533153e+08,9.702100330e+07,9.632449535e+07
0.150,1.393960703e+08,1.407858319e+08,9.671820852e+07,9.565519315e+07
0.200,2.673707876e+08,2.628554051e+08,2.128945874e+08,2.113294812e+08
0.250,4.721378123e+08,3.658460825e+08,5.202743300e+08,4.033604329e+08
0.300,3.020605049e+08,1.953196329e+08,4.729140533e+08,3.411382756e+08
0.350,2.980726654e+08,1.857071374e+08,4.884262540e+08,3.420844833e+08
0.400,2.926550121e+08,1.801235549e+08,4.978779470e+08,3.452563833e+08
0.450,2.012046320e+08,2.034855841e+08,3.654672980e+08,3.643485367e+08
0.500,2.267383649e+08,2.240864152e+08,3.923295185e+08,4.046456092e+08