x,yOn,mOn,yOff,mOff
0.00,1.710891680e+08,3.599109867e+08,2.648443033e+09,6.396688032e+09
0.03,7.056681802e+07,3.510320168e+07,3.003927377e+09,1.811475213e+09
0.05,1.113161055e+08,4.515856256e+07,2.791142429e+09,1.645323259e+09
0.10,7.437987484e+07,3.345837012e+07,2.223175643e+08,1.326926305e+08
0.15,4.876794518e+07,2.223619262e+07,2.299614205e+08,1.333537152e+08
0.20,5.925478716e+07,2.855015074e+07,4.729843286e+08,3.003994354e+08
0.25,3.710600259e+08,5.596187663e+08,4.684527864e+08,3.412969876e+08
0.30,3.730825217e+08,5.712142492e+08,1.206960972e+08,7.882702761e+07
0.35,4.231047128e+08,5.877468079e+08,5.465903078e+07,2.078298792e+07
0.40,4.081370343e+08,5.994708527e+08,6.035119069e+07,2.094416582e+07
0.45,3.324592079e+08,5.055738610e+08,6.597625515e+07,2.417671063e+07
0.50,3.474629482e+08,5.433484193e+08,9.325787548e+07,3.036837547e+07