x,y1,y2,m1,m2
0.000,2.648443033e+09,1.710891680e+08,6.396688032e+09,3.599109867e+08
0.025,3.003927377e+09,7.056681802e+07,1.811475213e+09,3.510320168e+07
0.050,2.791142429e+09,1.113161055e+08,1.645323259e+09,4.515856256e+07
0.100,2.223175643e+08,7.437987484e+07,1.326926305e+08,3.345837012e+07
0.150,2.299614205e+08,4.876794518e+07,1.333537152e+08,2.223619262e+07
0.200,4.729843286e+08,5.925478716e+07,3.003994354e+08,2.855015074e+07
0.250,4.684527864e+08,3.710600259e+08,3.412969876e+08,5.596187663e+08
0.300,1.206960972e+08,3.730825217e+08,7.882702761e+07,5.712142492e+08
0.350,5.465903078e+07,4.231047128e+08,2.078298792e+07,5.877468079e+08
0.400,6.035119069e+07,4.081370343e+08,2.094416582e+07,5.994708527e+08
0.450,6.597625515e+07,3.324592079e+08,2.417671063e+07,5.055738610e+08
0.500,9.325787548e+07,3.474629482e+08,3.036837547e+07,5.433484193e+08