x,y1,y2,y3,y4,m1,m2,m3,m4
0.000,-2.525535223e+09,NaN,NaN,NaN,6.047796214e+09,NaN,NaN,NaN
0.025,-3.050397515e+09,2.070921104e+07,1.449823136e+07,6.950146342e+07,1.747744837e+09,2.180154129e+08,1.109191703e+08,1.586230238e+08
0.050,-2.864023536e+09,5.317770188e+07,-2.977665259e+07,1.168247941e+07,1.629909982e+09,1.434649522e+08,6.135350861e+07,7.120795969e+07
0.100,-1.528809855e+08,8.524659619e+05,1.127224583e+07,1.466836410e+06,1.331607532e+08,1.258143356e+07,1.482177011e+07,4.481341116e+06
0.150,-1.947032145e+08,-1.270327036e+07,-8.972689446e+06,1.029798670e+06,1.352276006e+08,1.410094783e+07,1.071059279e+07,6.009285950e+06
0.200,-3.105449153e+08,-4.344604891e+06,-1.978711882e+07,-4.906514974e+06,2.354959122e+08,2.141647742e+07,1.919139171e+07,6.251901784e+06
0.250,4.703373214e+07,2.101504358e+08,3.176020329e+08,-1.068586661e+08,6.351190040e+08,6.021189471e+08,5.459539249e+08,3.059033560e+08
0.300,2.877629514e+08,2.227714191e+08,3.251626335e+08,-1.082753075e+08,5.988031931e+08,6.100041937e+08,5.631307269e+08,3.049959224e+08
0.350,4.214386591e+08,1.180500948e+08,3.131617281e+08,-1.156757812e+08,6.200494364e+08,6.165960001e+08,5.796916022e+08,3.245028069e+08
0.400,4.030874693e+08,1.897406564e+08,3.397196087e+08,-1.144150657e+08,6.381863959e+08,6.163729844e+08,5.978028416e+08,3.304365919e+08
0.450,3.241978987e+08,4.474836942e+08,2.310530020e+08,2.193230018e+06,5.523591755e+08,9.114572352e+08,5.124118229e+08,1.723015120e+07
0.500,3.349989255e+08,4.895985172e+08,2.728540290e+08,-5.243416963e+06,6.269023218e+08,9.628095207e+08,5.624633072e+08,4.269275813e+07