x,y1,y2,y3,y4,m1,m2,m3,m4
0.000,NaN,NaN,NaN,NaN,NaN,NaN,NaN,NaN
0.025,NaN,NaN,NaN,NaN,NaN,NaN,NaN,NaN
0.050,1.140130468e+08,-2.232508173e+07,-6.242078767e+05,6.420584350e+04,1.177272385e+08,3.231746865e+07,3.166309852e+06,4.795700785e+05
0.100,8.950013526e+07,-2.471525488e+07,-5.696845780e+06,8.613844121e+05,7.074635891e+07,2.180101529e+07,1.930235356e+07,2.651517000e+06
0.150,4.185298964e+07,-9.808989788e+06,-8.253421781e+06,-9.775415040e+05,2.617822452e+07,1.135246585e+07,1.069432618e+07,1.994096140e+06
0.200,4.679822270e+07,-1.184894667e+07,-1.382899149e+07,-2.903652279e+06,2.760888400e+07,1.806759379e+07,1.856368686e+07,5.233386395e+06
0.250,5.833720302e+07,-9.586565451e+06,-1.173968797e+07,-2.283708995e+06,2.740984282e+07,1.862925977e+07,1.767235692e+07,6.508688013e+06
0.300,4.858641215e+07,-5.261125716e+06,-1.444228443e+07,-2.756629664e+06,2.544750036e+07,1.758210092e+07,1.727188844e+07,6.913942644e+06
0.350,9.887013048e+07,4.786528286e+06,-3.428516076e+07,7.843542502e+06,6.501892548e+07,5.043453442e+07,3.463665892e+07,2.593573124e+07
0.400,4.397711400e+07,-1.775868327e+07,-3.220121303e+07,-1.464429211e+06,3.200709340e+07,2.809195607e+07,3.066862635e+07,7.929072448e+06
0.450,4.026566613e+07,-6.202232974e+06,-2.427278640e+07,-4.528436543e+06,2.597393961e+07,2.288971900e+07,2.425018872e+07,9.141669237e+06
0.500,2.731926739e+07,-1.002286701e+07,-1.445836710e+07,4.254812727e+06,2.080720994e+07,1.864350241e+07,1.953608274e+07,7.865233912e+06