x,y1,y2,y3,y4,m1,m2,m3,m4
0.000,NaN,NaN,NaN,NaN,NaN,NaN,NaN,NaN
0.025,6.812564624e-01,5.202732935e-01,NaN,NaN,2.361796280e-01,2.384974792e-01,NaN,NaN
0.050,6.370185024e-01,4.360971220e-01,NaN,NaN,1.913345428e-01,1.675617695e-01,NaN,NaN
0.100,5.154523784e-01,3.773079023e-01,NaN,NaN,1.468110322e-01,1.392354451e-01,NaN,NaN
0.150,4.162972384e-01,3.036405700e-01,NaN,NaN,1.169210396e-01,1.229751568e-01,NaN,NaN
0.200,2.963636026e-01,2.555399636e-01,1.314034482e-04,NaN,8.869490508e-02,8.842139834e-02,NaN,NaN
0.250,2.378854951e-01,2.300302312e-01,NaN,NaN,7.544014910e-02,7.573008818e-02,NaN,NaN
0.300,1.961212370e-01,1.536338759e-01,NaN,NaN,7.062820342e-02,6.221477941e-02,NaN,NaN
0.350,1.730195475e-01,1.458581555e-01,NaN,NaN,6.301691645e-02,6.327516290e-02,NaN,NaN
0.400,1.264928357e-01,1.095727100e-01,2.233487246e-01,NaN,5.138442786e-02,5.452486138e-02,NaN,NaN
0.450,1.040044595e-01,8.246635299e-02,NaN,NaN,4.493086284e-02,4.450843931e-02,NaN,NaN
0.500,7.059857327e-02,7.147322729e-02,NaN,NaN,3.404292274e-02,4.185204493e-02,NaN,NaN