x,y1,y2,m1,m2
0.000,NaN,NaN,NaN,NaN
0.025,Inf,Inf,NaN,NaN
0.050,3.483187358e+06,1.066205277e+08,3.538708970e+06,1.186105513e+08
0.100,4.050304216e+06,8.602645594e+07,3.730169775e+06,7.137329513e+07
0.150,2.196319534e+06,4.433537648e+07,2.367182722e+06,2.710369178e+07
0.200,2.267993866e+06,5.165169290e+07,2.428659283e+06,2.869000344e+07
0.250,2.464424912e+06,5.784215866e+07,2.287167349e+06,2.803018180e+07
0.300,4.188363116e+06,5.414225820e+07,3.146944977e+06,2.690352853e+07
0.350,2.879351766e+06,9.921891698e+07,2.012273231e+06,6.685589095e+07
0.400,3.345010350e+06,4.734832734e+07,2.172709225e+06,3.289194825e+07
0.450,3.973554348e+06,4.623183174e+07,3.133845277e+06,2.695737108e+07
0.500,2.465327550e+06,3.379952141e+07,2.320844009e+06,2.236110582e+07