x,yOn,mOn,yOff,mOff
0.00,NaN,NaN,NaN,NaN
0.03,8.129972510e+05,1.472350467e+06,1.537865893e+07,1.875068219e+07
0.05,2.647602203e+06,4.076310458e+06,6.243630754e+07,6.782146683e+07
0.10,1.585991416e+07,1.717032443e+07,4.685678390e+07,4.449738058e+07
0.15,1.359079562e+07,1.556062026e+07,2.197115425e+07,1.484100231e+07
0.20,1.392978645e+07,1.381570355e+07,2.935351896e+07,1.887923067e+07
0.25,1.878120010e+07,1.454409792e+07,3.199406052e+07,1.907988607e+07
0.30,1.773000568e+07,1.328112736e+07,3.147783371e+07,1.846520655e+07
0.35,1.746582478e+07,1.272659578e+07,6.552960304e+07,5.143143733e+07
0.40,8.896490421e+06,6.472722555e+06,3.285225446e+07,2.523126737e+07
0.45,1.142999538e+07,8.134450043e+06,3.066408795e+07,2.036899034e+07
0.50,1.113963874e+07,9.659761368e+06,2.004256797e+07,1.613297764e+07