x,y1,y2,m1,m2
0.000,NaN,NaN,NaN,NaN
0.025,5.989887769e-01,6.460103477e-01,2.094927501e-01,2.531288506e-01
0.050,5.852651953e-01,5.231708042e-01,1.729291042e-01,1.826427157e-01
0.100,4.750721265e-01,4.354893087e-01,1.344074946e-01,1.397996919e-01
0.150,3.624446774e-01,3.747737059e-01,1.034741866e-01,1.253642078e-01
0.200,2.659437090e-01,2.920745388e-01,7.385704247e-02,9.527853849e-02
0.250,2.015411799e-01,2.748647997e-01,6.020284282e-02,8.386045758e-02
0.300,1.498583832e-01,2.098052092e-01,5.504191071e-02,7.294132345e-02
0.350,1.511609752e-01,1.710507409e-01,5.356794344e-02,6.637299542e-02
0.400,1.021074641e-01,1.396286900e-01,4.321386548e-02,5.766169631e-02
0.450,8.101886245e-02,1.099425130e-01,3.690689714e-02,4.847504158e-02
0.500,5.541946209e-02,9.136756423e-02,2.606696345e-02,4.686316711e-02