x,yOn,mOn,yOff,mOff
0.00,NaN,NaN,NaN,NaN
0.03,5.202732935e-01,2.228784851e-01,6.812564624e-01,2.210257254e-01
0.05,4.360971220e-01,1.568254452e-01,6.370185024e-01,1.792019305e-01
0.10,3.773079023e-01,1.304215059e-01,5.154523784e-01,1.375641995e-01
0.15,3.036405700e-01,1.152183840e-01,4.162972384e-01,1.095722575e-01
0.20,2.555399636e-01,8.286160187e-02,2.963636026e-01,8.312824071e-02
0.25,2.300302312e-01,7.097367868e-02,2.378854951e-01,7.070895936e-02
0.30,1.536338759e-01,5.831077449e-02,1.961212370e-01,6.620072267e-02
0.35,1.458581555e-01,5.930644879e-02,1.730195475e-01,5.906701071e-02
0.40,1.095727100e-01,5.110552446e-02,1.264928357e-01,4.816395706e-02
0.45,8.246635299e-02,4.171742091e-02,1.040044595e-01,4.211497723e-02
0.50,7.147322729e-02,3.922780334e-02,7.059857327e-02,3.190913901e-02