x,yOn,mOn,yOff,mOff
0.00,NaN,NaN,NaN,NaN
0.03,5.149955949e-01,3.110660154e-01,6.648726972e-01,1.888634484e-01
0.05,4.336438448e-01,2.175739725e-01,6.135573009e-01,1.527936442e-01
0.10,4.317204771e-01,1.606811601e-01,4.717512460e-01,1.219567156e-01
0.15,3.400922400e-01,1.273460406e-01,3.850043701e-01,1.026145471e-01
0.20,2.810086003e-01,9.063371360e-02,2.755207066e-01,7.760497403e-02
0.25,2.654463331e-01,8.350724538e-02,2.110511327e-01,6.161302051e-02
0.30,2.314327296e-01,8.215621806e-02,1.350527242e-01,4.744836548e-02
0.35,1.835565573e-01,6.773000028e-02,1.422089101e-01,5.275475594e-02
0.40,1.308901486e-01,5.460523896e-02,1.087245398e-01,4.564277591e-02
0.45,1.151076932e-01,4.640567547e-02,7.715442162e-02,3.841493462e-02
0.50,1.054590308e-01,4.752014354e-02,4.423304754e-02,2.477587180e-02