x,y1,y2,m1,m2
0.000,NaN,NaN,NaN,NaN
0.025,8.375000000e-02,7.000000000e-02,2.117726418e-02,1.950567334e-02
0.050,8.343750000e-02,6.500000000e-02,1.650867298e-02,1.501736629e-02
0.100,9.057291667e-02,7.005208333e-02,1.421233746e-02,1.294132653e-02
0.150,8.931250000e-02,7.260416667e-02,1.342101608e-02,1.206479616e-02
0.200,8.971354167e-02,7.856026786e-02,1.250185253e-02,1.178760859e-02
0.250,8.969618056e-02,8.388194444e-02,1.169198436e-02,1.167686694e-02
0.300,9.413573232e-02,8.854419192e-02,1.217282656e-02,1.191795549e-02
0.350,8.931344697e-02,8.293196387e-02,1.161951555e-02,1.118885074e-02
0.400,8.580448718e-02,8.176373626e-02,1.112456452e-02,1.086673693e-02
0.450,8.425956320e-02,8.071470151e-02,1.101656697e-02,1.072189763e-02
0.500,8.178393479e-02,7.829467933e-02,1.073551976e-02,1.043125967e-02