x,y1,y2,y3,y4,m1,m2,m3,m4
0.000,-1.259747478e-01,NaN,NaN,NaN,5.940214411e-02,NaN,NaN,NaN
0.025,-1.101326533e-01,1.504037865e-03,-2.524244644e-02,1.111370101e-03,2.095013166e-02,8.449831448e-03,1.098551908e-02,3.909662909e-03
0.050,-9.317162250e-02,1.046060548e-02,-3.040363347e-02,6.870631762e-03,2.016143632e-02,8.977944639e-03,1.225919656e-02,6.338085704e-03
0.100,-6.646683533e-02,1.339618312e-02,-3.041198608e-02,1.005365927e-02,2.023782065e-02,1.117870709e-02,1.371875590e-02,6.180338401e-03
0.150,-7.087335585e-02,9.471861886e-03,-3.121258850e-02,1.007509001e-02,2.122398318e-02,1.231707671e-02,1.523741649e-02,7.298140207e-03
0.200,-6.261436045e-02,8.799561071e-03,-4.774462619e-02,8.283203163e-03,2.175039460e-02,1.280749348e-02,1.770923797e-02,8.349901081e-03
0.250,-4.914926512e-02,3.115471173e-03,-4.025550684e-02,1.032225250e-02,2.220613015e-02,1.418329401e-02,1.836040549e-02,8.411317925e-03
0.300,-4.658326628e-02,3.358292543e-03,-6.884782401e-02,7.997621672e-03,2.275226859e-02,1.457045075e-02,2.050253175e-02,8.276758666e-03
0.350,-4.187944441e-02,-7.156821154e-04,-6.147151030e-02,1.180471770e-02,2.134924900e-02,1.510593008e-02,1.914416244e-02,9.812115780e-03
0.400,-3.206590752e-02,-6.317471875e-03,-7.212101152e-02,9.960165978e-03,2.083562778e-02,1.443254036e-02,1.892969725e-02,9.892447311e-03
0.450,-3.635231231e-02,-1.795004438e-02,-8.374291350e-02,7.444337713e-03,2.129915188e-02,1.621050582e-02,1.867006028e-02,1.003846327e-02
0.500,-2.412115691e-02,-2.078725383e-02,-7.374263093e-02,5.939676858e-03,2.069375121e-02,1.552917676e-02,1.897189154e-02,1.015818322e-02