x,y1,y2,m1,m2
0.000,9.935000000e-01,NaN,9.515773466e-03,NaN
0.025,9.933511905e-01,9.931428571e-01,3.331092661e-03,3.330959858e-03
0.050,9.915119048e-01,9.919077381e-01,4.369800971e-03,4.228572192e-03
0.100,9.875000000e-01,9.879077381e-01,5.425434662e-03,5.103101134e-03
0.150,9.904107143e-01,9.920476190e-01,4.303419256e-03,3.712085064e-03
0.200,9.910803571e-01,9.907767857e-01,4.389527897e-03,4.180893004e-03
0.250,9.908988095e-01,9.899672619e-01,4.539750965e-03,5.056382765e-03
0.300,9.891488095e-01,9.883898810e-01,5.226145176e-03,5.215031650e-03
0.350,9.892678571e-01,9.883452381e-01,5.264344175e-03,5.246714510e-03
0.400,9.912261905e-01,9.919404762e-01,4.976516739e-03,4.687458693e-03
0.450,9.920238095e-01,9.934404762e-01,4.693410634e-03,4.256982975e-03
0.500,9.918928571e-01,9.915476190e-01,5.076798304e-03,5.098858836e-03