x,y1,y2,m1,m2
0.000,1.000000000e+00,9.870000000e-01,0.000000000e+00,1.911726030e-02
0.025,1.000000000e+00,9.864940476e-01,0.000000000e+00,4.673326184e-03
0.050,1.000000000e+00,9.834196429e-01,0.000000000e+00,6.038744527e-03
0.100,9.988750000e-01,9.765327381e-01,1.231190673e-03,7.274970011e-03
0.150,9.993750000e-01,9.830833333e-01,9.625759306e-04,5.552310804e-03
0.200,9.993750000e-01,9.824821429e-01,9.625759306e-04,5.939153988e-03
0.250,1.000000000e+00,9.808660714e-01,0.000000000e+00,6.747581083e-03
0.300,1.000000000e+00,9.775386905e-01,0.000000000e+00,7.312891763e-03
0.350,1.000000000e+00,9.776130952e-01,0.000000000e+00,7.363898435e-03
0.400,1.000000000e+00,9.831666667e-01,0.000000000e+00,6.802546635e-03
0.450,1.000000000e+00,9.854642857e-01,0.000000000e+00,6.311830785e-03
0.500,1.000000000e+00,9.834404762e-01,0.000000000e+00,7.169662700e-03