x,yOn,mOn,yOff,mOff
0.00,4.942500000e-01,6.439575469e-02,6.027500000e-01,6.467968977e-02
0.03,4.803750000e-01,2.150078273e-02,5.759062500e-01,2.272577785e-02
0.05,4.586250000e-01,2.127475231e-02,5.406250000e-01,2.203672984e-02
0.10,4.410625000e-01,2.005657569e-02,5.017812500e-01,2.148173600e-02
0.15,4.180625000e-01,1.935488491e-02,4.810000000e-01,2.033733325e-02
0.20,3.967187500e-01,1.864328459e-02,4.509062500e-01,1.934901426e-02
0.25,3.870625000e-01,1.813904918e-02,4.304062500e-01,1.863290444e-02
0.30,3.702500000e-01,1.733718123e-02,4.118125000e-01,1.782886111e-02
0.35,3.554375000e-01,1.648952590e-02,3.940312500e-01,1.716755288e-02
0.40,3.448437500e-01,1.627244283e-02,3.725625000e-01,1.649860967e-02
0.45,3.274375000e-01,1.592937937e-02,3.565625000e-01,1.616870106e-02
0.50,3.123437500e-01,1.511673684e-02,3.340937500e-01,1.484473232e-02