x,yOn,mOn,yOff,mOff
0.00,NaN,NaN,NaN,NaN
0.03,1.400000000e-01,3.752619563e-02,1.675000000e-01,4.038506829e-02
0.05,1.300000000e-01,2.835167156e-02,1.668750000e-01,3.046267481e-02
0.10,1.401041667e-01,2.356985650e-02,1.811458333e-01,2.483083292e-02
0.15,1.452083333e-01,2.143110645e-02,1.786250000e-01,2.311605113e-02
0.20,1.569419643e-01,2.030088017e-02,1.794270833e-01,2.091179715e-02
0.25,1.677638889e-01,1.952295743e-02,1.793923611e-01,1.894602336e-02
0.30,1.770883838e-01,1.962419355e-02,1.882714646e-01,1.964154232e-02
0.35,1.658639277e-01,1.844422799e-02,1.786268939e-01,1.880938121e-02
0.40,1.635274725e-01,1.778355558e-02,1.715196886e-01,1.798315007e-02
0.45,1.614294030e-01,1.754213786e-02,1.685191264e-01,1.787974297e-02
0.50,1.565893587e-01,1.709154953e-02,1.635678696e-01,1.745944247e-02