x,y1,y2,m1,m2
0.000,NaN,NaN,NaN,NaN
0.025,1.081250000e-01,4.562500000e-02,2.374026203e-02,1.595259790e-02
0.050,1.050000000e-01,4.343750000e-02,1.866352112e-02,1.181731529e-02
0.100,1.067187500e-01,5.390625000e-02,1.546707079e-02,1.110487469e-02
0.150,1.035000000e-01,5.841666667e-02,1.427759502e-02,1.080322369e-02
0.200,1.009114583e-01,6.736235119e-02,1.299152712e-02,1.111479633e-02
0.250,1.001875000e-01,7.339062500e-02,1.219914267e-02,1.105590647e-02
0.300,1.042544192e-01,7.842550505e-02,1.231881307e-02,1.168777471e-02
0.350,9.899511946e-02,7.325029138e-02,1.173761375e-02,1.098244602e-02
0.400,9.264961081e-02,7.491861264e-02,1.092677610e-02,1.102617234e-02
0.450,9.084596026e-02,7.412830445e-02,1.077194757e-02,1.093201740e-02
0.500,8.714547321e-02,7.293314091e-02,1.043848622e-02,1.070261128e-02