x,y1,y2,m1,m2
0.000,6.027500000e-01,4.942500000e-01,6.467968977e-02,6.439575469e-02
0.025,5.813906250e-01,4.810000000e-01,1.579796562e-02,1.502416211e-02
0.050,5.518750000e-01,4.582500000e-01,1.572551954e-02,1.505750464e-02
0.100,5.169843750e-01,4.387187500e-01,1.546234916e-02,1.463775818e-02
0.150,4.989062500e-01,4.150312500e-01,1.465763384e-02,1.414458792e-02
0.200,4.605625000e-01,3.836406250e-01,1.426155442e-02,1.335140528e-02
0.250,4.365156250e-01,3.706562500e-01,1.417983519e-02,1.310456543e-02
0.300,4.089062500e-01,3.454531250e-01,1.335827960e-02,1.251080288e-02
0.350,3.867187500e-01,3.281406250e-01,1.266212533e-02,1.171378569e-02
0.400,3.620156250e-01,3.115000000e-01,1.201748848e-02,1.110770516e-02
0.450,3.377187500e-01,2.942031250e-01,1.174171748e-02,1.062183471e-02
0.500,3.070468750e-01,2.731250000e-01,1.083963569e-02,9.922151863e-03