x,y1,y2,m1,m2
0.000,4.737322912e-01,NaN,5.341813788e-02,NaN
0.025,4.731419922e-01,4.565839751e-01,1.845625835e-02,1.887817940e-02
0.050,4.555276028e-01,4.342707218e-01,1.881700860e-02,1.931345777e-02
0.100,4.384651113e-01,4.150223300e-01,1.885065434e-02,1.932185938e-02
0.150,4.284072187e-01,4.054936536e-01,1.936146629e-02,1.954956071e-02
0.200,4.051076049e-01,3.685646266e-01,1.940519070e-02,1.989247415e-02
0.250,3.925216917e-01,3.637822284e-01,2.010337549e-02,2.062328043e-02
0.300,3.774769188e-01,3.270993596e-01,2.011093881e-02,2.009530206e-02
0.350,3.609394121e-01,3.160939379e-01,1.997404625e-02,1.981084254e-02
0.400,3.421926791e-01,2.959128564e-01,1.994410854e-02,1.955562857e-02
0.450,3.252097285e-01,2.676770031e-01,2.018821998e-02,1.921131192e-02
0.500,2.860825674e-01,2.391850060e-01,1.942493425e-02,1.851502341e-02