x,y1,y2,y3,y4,m1,m2,m3,m4
0.000,4.737322912e-01,NaN,NaN,NaN,5.699760998e-02,NaN,NaN,NaN
0.025,4.579121179e-01,4.594161558e-01,4.705057643e-01,4.716178966e-01,2.821936563e-02,2.885785489e-02,2.779786136e-02,2.775363662e-02
0.050,4.275912349e-01,4.380518404e-01,4.566896031e-01,4.572639708e-01,2.811250844e-02,2.887392197e-02,2.900799439e-02,2.896215319e-02
0.100,4.015491271e-01,4.149453102e-01,4.457381645e-01,4.447422807e-01,2.724064532e-02,2.827779684e-02,2.965156182e-02,2.966791203e-02
0.150,3.878477403e-01,3.973196022e-01,4.412768321e-01,4.413575699e-01,2.718433773e-02,2.839723033e-02,3.057287009e-02,3.059266512e-02
0.200,3.636918107e-01,3.724913718e-01,4.052047249e-01,4.059565555e-01,2.676933215e-02,2.832771108e-02,3.152362316e-02,3.156146689e-02
0.250,3.546240045e-01,3.577394756e-01,3.999707168e-01,4.002736432e-01,2.689269945e-02,2.839323570e-02,3.334223843e-02,3.337304101e-02
0.300,3.330564410e-01,3.364147335e-01,3.697011160e-01,3.699802662e-01,2.624272720e-02,2.748613754e-02,3.348348069e-02,3.353108983e-02
0.350,3.226350427e-01,3.219193606e-01,3.549735397e-01,3.545387571e-01,2.570642668e-02,2.656808381e-02,3.350915587e-02,3.344502531e-02
0.400,3.082439434e-01,3.019264715e-01,3.328136394e-01,3.332270166e-01,2.593415104e-02,2.683078892e-02,3.292127029e-02,3.295278499e-02
0.450,2.925172206e-01,2.745671762e-01,3.093445332e-01,3.093445332e-01,2.563850804e-02,2.584464652e-02,3.342636344e-02,3.343051255e-02
0.500,2.681462526e-01,2.473589988e-01,2.675517125e-01,2.674781830e-01,2.371208885e-02,2.345174901e-02,3.303837816e-02,3.303321724e-02