x,yOn,mOn,yOff,mOff
0.00,9.870000000e-01,1.911726030e-02,1.000000000e+00,0.000000000e+00
0.03,9.874166667e-01,6.508961664e-03,1.000000000e+00,0.000000000e+00
0.05,9.860297619e-01,6.818455637e-03,1.000000000e+00,0.000000000e+00
0.10,9.855892857e-01,7.565096907e-03,1.000000000e+00,0.000000000e+00
0.15,9.875476190e-01,6.824287320e-03,1.000000000e+00,0.000000000e+00
0.20,9.891309524e-01,6.964196270e-03,1.000000000e+00,0.000000000e+00
0.25,9.878095238e-01,7.690006290e-03,1.000000000e+00,0.000000000e+00
0.30,9.897797619e-01,6.215270076e-03,1.000000000e+00,0.000000000e+00
0.35,9.940952381e-01,4.919183616e-03,1.000000000e+00,0.000000000e+00
0.40,9.967857143e-01,3.800642382e-03,1.000000000e+00,0.000000000e+00
0.45,9.967142857e-01,3.916338399e-03,1.000000000e+00,0.000000000e+00
0.50,9.966666667e-01,4.243832596e-03,1.000000000e+00,0.000000000e+00