x,yOn,mOn,yOff,mOff
0.00,NaN,NaN,9.935000000e-01,9.515773466e-03
0.03,9.931428571e-01,3.330959858e-03,9.933511905e-01,3.331092661e-03
0.05,9.919077381e-01,4.228572192e-03,9.915119048e-01,4.369800971e-03
0.10,9.879077381e-01,5.103101134e-03,9.875000000e-01,5.425434662e-03
0.15,9.920476190e-01,3.712085064e-03,9.904107143e-01,4.303419256e-03
0.20,9.907767857e-01,4.180893004e-03,9.910803571e-01,4.389527897e-03
0.25,9.899672619e-01,5.056382765e-03,9.908988095e-01,4.539750965e-03
0.30,9.883898810e-01,5.215031650e-03,9.891488095e-01,5.226145176e-03
0.35,9.883452381e-01,5.246714510e-03,9.892678571e-01,5.264344175e-03
0.40,9.919404762e-01,4.687458693e-03,9.912261905e-01,4.976516739e-03
0.45,9.934404762e-01,4.256982975e-03,9.920238095e-01,4.693410634e-03
0.50,9.915476190e-01,5.098858836e-03,9.918928571e-01,5.076798304e-03