x,yOn,mOn,yOff,mOff
0.00,NaN,NaN,9.935000000e-01,9.515773466e-03
0.03,9.931428571e-01,3.330959858e-03,9.933511905e-01,3.331092661e-03
0.05,9.917470238e-01,4.252428082e-03,9.916726190e-01,4.346241237e-03
0.10,9.878809524e-01,5.217007768e-03,9.875267857e-01,5.314107892e-03
0.15,9.910208333e-01,4.059897345e-03,9.914375000e-01,3.972057953e-03
0.20,9.913928571e-01,4.120061468e-03,9.904642857e-01,4.447392406e-03
0.25,9.905982143e-01,4.771980259e-03,9.902678571e-01,4.843017221e-03
0.30,9.887440476e-01,5.195785352e-03,9.887946429e-01,5.245770588e-03
0.35,9.885714286e-01,5.269173800e-03,9.890416667e-01,5.241655890e-03
0.40,9.915684524e-01,4.791915811e-03,9.915982143e-01,4.874426838e-03
0.45,9.928809524e-01,4.406098319e-03,9.925833333e-01,4.551902798e-03
0.50,9.919285714e-01,4.958290995e-03,9.915119048e-01,5.216484755e-03