x,yOn,mOn,yOff,mOff
0.00,NaN,NaN,4.737322912e-01,5.341813788e-02
0.03,4.594161558e-01,2.705294121e-02,4.579121179e-01,2.647949014e-02
0.05,4.380518404e-01,2.706800339e-02,4.275912349e-01,2.637922127e-02
0.10,4.149453102e-01,2.650916288e-02,4.015491271e-01,2.556111319e-02
0.15,3.973196022e-01,2.662112641e-02,3.878477403e-01,2.550827727e-02
0.20,3.724913718e-01,2.655595523e-02,3.636918107e-01,2.511885901e-02
0.25,3.577394756e-01,2.661738162e-02,3.546240045e-01,2.523462005e-02
0.30,3.364147335e-01,2.576701789e-02,3.330564410e-01,2.462472209e-02
0.35,3.219193606e-01,2.490638380e-02,3.226350427e-01,2.412148737e-02
0.40,3.019264715e-01,2.515265803e-02,3.082439434e-01,2.433517131e-02
0.45,2.745671762e-01,2.422819388e-02,2.925172206e-01,2.405775629e-02
0.50,2.473589988e-01,2.198496007e-02,2.681462526e-01,2.225011118e-02