x,yOn,mOn,yOff,mOff
0.00,NaN,NaN,NaN,NaN
0.03,4.562500000e-02,1.595259790e-02,1.081250000e-01,2.374026203e-02
0.05,4.343750000e-02,1.181731529e-02,1.050000000e-01,1.866352112e-02
0.10,5.390625000e-02,1.110487469e-02,1.067187500e-01,1.546707079e-02
0.15,5.841666667e-02,1.080322369e-02,1.035000000e-01,1.427759502e-02
0.20,6.736235119e-02,1.111479633e-02,1.009114583e-01,1.299152712e-02
0.25,7.339062500e-02,1.105590647e-02,1.001875000e-01,1.219914267e-02
0.30,7.842550505e-02,1.168777471e-02,1.042544192e-01,1.231881307e-02
0.35,7.325029138e-02,1.098244602e-02,9.899511946e-02,1.173761375e-02
0.40,7.491861264e-02,1.102617234e-02,9.264961081e-02,1.092677610e-02
0.45,7.412830445e-02,1.093201740e-02,9.084596026e-02,1.077194757e-02
0.50,7.293314091e-02,1.070261128e-02,8.714547321e-02,1.043848622e-02