x,yOn,mOn,yOff,mOff
0.00,NaN,NaN,4.737322912e-01,5.341813788e-02
0.03,4.592198219e-01,2.670873237e-02,4.581084518e-01,2.674485178e-02
0.05,4.362568535e-01,2.657870764e-02,4.293862218e-01,2.680004844e-02
0.10,4.132740483e-01,2.602562806e-02,4.032203890e-01,2.598504361e-02
0.15,3.976212163e-01,2.613496355e-02,3.875461263e-01,2.592734022e-02
0.20,3.722331928e-01,2.593925647e-02,3.639499896e-01,2.568173911e-02
0.25,3.613428663e-01,2.603751131e-02,3.510206138e-01,2.574587260e-02
0.30,3.387343981e-01,2.542889654e-02,3.307367764e-01,2.488975678e-02
0.35,3.281795605e-01,2.468502379e-02,3.163748428e-01,2.425363602e-02
0.40,3.100652904e-01,2.500339653e-02,3.001051245e-01,2.440165581e-02
0.45,2.872643673e-01,2.431413530e-02,2.798200295e-01,2.392260932e-02
0.50,2.607224641e-01,2.208807640e-02,2.547827872e-01,2.212674109e-02