x,y1,y2,y3,y4,m1,m2,m3,m4
0.000,NaN,NaN,NaN,NaN,NaN,NaN,NaN,NaN
0.025,-1.250000000e-01,-7.500000000e-02,-2.750000000e-02,-2.750000000e-02,3.724525153e-02,2.836290528e-02,2.649104775e-02,1.929747932e-02
0.050,-1.231250000e-01,-7.187500000e-02,-3.687500000e-02,-3.687500000e-02,2.690086638e-02,2.168459835e-02,2.140381551e-02,1.656589893e-02
0.100,-1.056250000e-01,-6.812500000e-02,-5.583333333e-02,-4.104166667e-02,2.158676425e-02,1.846929801e-02,1.887805709e-02,1.328443839e-02
0.150,-9.016666667e-02,-7.075000000e-02,-7.425000000e-02,-3.341666667e-02,1.958883238e-02,1.621899545e-02,1.988134448e-02,1.118521916e-02
0.200,-6.727678571e-02,-6.089285714e-02,-7.782738095e-02,-2.248511905e-02,1.890251123e-02,1.517191146e-02,1.922851855e-02,9.350959480e-03
0.250,-5.359375000e-02,-5.673958333e-02,-8.695486111e-02,-1.162847222e-02,1.730367105e-02,1.427632504e-02,1.784352732e-02,9.637656313e-03
0.300,-5.165782828e-02,-4.657954545e-02,-1.111098485e-01,-1.118308081e-02,1.636503432e-02,1.305907942e-02,1.931687470e-02,7.794347334e-03
0.350,-5.148965618e-02,-5.043050699e-02,-1.019121503e-01,-1.276296620e-02,1.654867800e-02,1.256695187e-02,1.816784957e-02,7.358870419e-03
0.400,-3.537271062e-02,-5.027289377e-02,-1.132509158e-01,-7.992216117e-03,1.580471706e-02,1.238818695e-02,1.752636190e-02,7.277507325e-03
0.450,-3.343531162e-02,-5.056118697e-02,-1.185111169e-01,-7.089723389e-03,1.581169889e-02,1.279198039e-02,1.674238890e-02,7.173858728e-03
0.500,-2.842466460e-02,-4.553495872e-02,-1.253777090e-01,-6.978510922e-03,1.482937265e-02,1.192561680e-02,1.683561842e-02,6.642082245e-03