x,y1,y2,y3,y4,y1Margin,y2Margin,y3Margin,y4Margin
0.00000,-0.53015,NaN,NaN,NaN,0.82859,NaN,NaN,NaN
0.02500,-0.29167,0.10212,-0.14874,0.01658,0.29320,0.10868,0.12646,0.06441
0.05000,-0.35232,0.05098,-0.08017,0.07575,0.31291,0.16603,0.14859,0.11087
0.10000,0.13091,0.39041,-0.03949,0.22095,0.31590,0.21306,0.19749,0.13337
0.15000,0.35469,0.36473,0.24664,0.30749,0.34259,0.24113,0.24210,0.18103
0.20000,0.54361,0.16325,0.15648,0.39503,0.33377,0.26250,0.28090,0.18911
0.25000,0.62562,0.28881,0.31744,0.28094,0.34760,0.25641,0.29846,0.18952
0.30000,0.84106,0.07037,0.32148,0.22175,0.32476,0.24255,0.29032,0.17091
0.35000,0.79071,0.09943,0.25971,0.14995,0.32034,0.25817,0.29834,0.17086
0.40000,0.89172,0.03034,0.24170,0.13909,0.29400,0.24382,0.26622,0.17079
0.45000,0.88311,-0.12914,0.20715,0.15653,0.28389,0.25169,0.26567,0.16822
0.50000,0.95417,-0.11871,0.27292,0.12676,0.27340,0.22975,0.25347,0.14954
0.75000,0.77094,-0.25464,-0.04957,0.02830,0.23842,0.18531,0.23315,0.12424
1.00000,0.01434,-0.51813,-0.18366,0.11642,0.27869,0.24361,0.27669,0.16911
