x,yOn,yMarginOn,yOff,yMarginOff
0.00000,NaN,NaN,-1.78845,0.63485
0.02500,-2.24012,0.32506,-2.09139,0.32121
0.05000,-2.40212,0.32912,-2.32195,0.32800
0.10000,-2.80292,0.33189,-2.76344,0.33237
0.15000,-2.92161,0.33380,-3.16825,0.33474
0.20000,-3.27663,0.32720,-3.43311,0.32448
0.25000,-3.45801,0.32569,-3.77545,0.31515
0.30000,-3.98772,0.31098,-4.30920,0.30565
0.35000,-4.18070,0.29466,-4.44041,0.29397
0.40000,-4.48303,0.28044,-4.72473,0.27389
0.45000,-4.76342,0.26203,-4.97057,0.26940
0.50000,-4.96875,0.24579,-5.24167,0.24034
0.75000,-5.34942,0.20913,-5.29985,0.24076
1.00000,-5.85283,0.23285,-5.66917,0.21873
