x,yOn,yMarginOn,yOff,yMarginOff
0.00000,NaN,NaN,-1.57832,0.61746
0.02500,-1.84545,0.32002,-1.96179,0.32319
0.05000,-2.00393,0.32541,-2.08161,0.33208
0.10000,-2.22429,0.32402,-2.63598,0.34393
0.15000,-2.47536,0.33166,-2.88868,0.35224
0.20000,-2.78753,0.33686,-3.06622,0.34295
0.25000,-2.96496,0.34490,-3.38358,0.34772
0.30000,-3.66253,0.35788,-3.81919,0.34876
0.35000,-3.82892,0.34695,-3.98849,0.35149
0.40000,-4.13720,0.34791,-4.27662,0.34713
0.45000,-4.42084,0.35714,-4.43600,0.34501
0.50000,-4.64600,0.35012,-4.64725,0.33800
0.75000,-4.96869,0.38159,-4.90980,0.35991
1.00000,NaN,NaN,NaN,NaN
