x,yOn,yMarginOn,yOff,yMarginOff
0.00000,-1.66791,0.85769,-1.48966,0.92928
0.02500,-1.81307,0.29239,-1.99244,0.35165
0.05000,-1.93344,0.30211,-2.14857,0.35610
0.10000,-2.09803,0.30473,-2.76022,0.36340
0.15000,-2.18237,0.30853,-3.17473,0.36974
0.20000,-2.30781,0.30293,-3.54269,0.36488
0.25000,-2.52855,0.32459,-3.83294,0.35843
0.30000,-2.91848,0.34096,-4.55956,0.34545
0.35000,-3.07857,0.33588,-4.74092,0.34134
0.40000,-3.28128,0.34221,-5.11685,0.32445
0.45000,-3.43920,0.35320,-5.39783,0.31417
0.50000,-3.57025,0.35217,-5.72785,0.28685
0.75000,-3.82282,0.39142,-6.03763,0.29019
1.00000,NaN,NaN,NaN,NaN
