x,yOn,yMarginOn,yOff,yMarginOff
0.00000,NaN,NaN,-1.57832,0.61746
0.02500,-1.89415,0.32259,-1.91322,0.32077
0.05000,-2.01145,0.32805,-2.07399,0.32947
0.10000,-2.32736,0.33294,-2.53059,0.33629
0.15000,-2.51961,0.34195,-2.84278,0.34272
0.20000,-2.71560,0.33727,-3.13823,0.34161
0.25000,-3.03041,0.34940,-3.32215,0.34415
0.30000,-3.62900,0.35704,-3.85328,0.34931
0.35000,-3.85826,0.35544,-3.95852,0.34314
0.40000,-4.13728,0.35307,-4.27793,0.34187
0.45000,-4.34145,0.35708,-4.51515,0.34452
0.50000,-4.58491,0.35140,-4.70807,0.33634
0.75000,-4.94900,0.37054,-4.92690,0.37013
1.00000,NaN,NaN,NaN,NaN
