x,yOn,yMarginOn,yOff,yMarginOff
0.00000,NaN,NaN,NaN,NaN
0.02500,-2.54964,1.02139,-2.19098,0.84594
0.05000,-2.75760,0.76785,-2.31228,0.69199
0.10000,-3.16330,0.59429,-3.14807,0.57181
0.15000,-3.69301,0.52809,-3.48220,0.50310
0.20000,-3.80008,0.44953,-3.71328,0.43913
0.25000,-3.77071,0.41726,-3.92964,0.41129
0.30000,-4.49608,0.35936,-4.26940,0.37988
0.35000,-4.62399,0.34953,-4.45573,0.37382
0.40000,-4.79092,0.32338,-4.71125,0.33727
0.45000,-5.01112,0.30491,-4.74941,0.33001
0.50000,-5.13614,0.28475,-4.96205,0.29399
0.75000,-5.20264,0.25001,-4.91760,0.27278
1.00000,-5.46302,0.21518,-5.07655,0.25179
