x,yOn,yMarginOn,yOff,yMarginOff
0.00000,NaN,NaN,NaN,NaN
0.02500,-3.18447,1.37376,-1.96457,0.71191
0.05000,-3.09563,0.94726,-2.21072,0.61183
0.10000,-3.44698,0.71688,-2.99360,0.50713
0.15000,-3.87701,0.61317,-3.38443,0.45254
0.20000,-3.68380,0.51831,-3.80088,0.39363
0.25000,-3.59387,0.49159,-4.05262,0.35585
0.30000,-4.05478,0.45304,-4.61391,0.30828
0.35000,-4.30660,0.44170,-4.70995,0.30186
0.40000,-4.42914,0.40751,-4.99431,0.26790
0.45000,-4.44632,0.40599,-5.20452,0.24210
0.50000,-4.62297,0.38606,-5.37539,0.19841
0.75000,-4.64738,0.35080,-5.37818,0.17631
1.00000,-4.98467,0.32745,-5.47412,0.15555
