x,yOn,yMarginOn,yOff,yMarginOff
0.00000,0.00000,0.00000,0.00000,0.00000
0.02500,0.02309,0.01414,0.02754,0.01500
0.05000,0.03541,0.01748,0.04308,0.01671
0.10000,0.06937,0.02228,0.09050,0.02441
0.15000,0.10001,0.02492,0.12995,0.02749
0.20000,0.15734,0.03169,0.18509,0.03153
0.25000,0.18676,0.03445,0.22554,0.03420
0.30000,0.25348,0.04030,0.31388,0.04046
0.35000,0.29032,0.04190,0.35220,0.04157
0.40000,0.34238,0.04390,0.41212,0.04341
0.45000,0.39153,0.04649,0.46246,0.04470
0.50000,0.42424,0.04794,0.51789,0.04594
0.75000,0.64349,0.05152,0.74827,0.04258
1.00000,1.00000,0.00000,1.00000,0.00000
