x,yOn,yMarginOn,yOff,yMarginOff
0.00000,NaN,NaN,0.00000,0.00000
0.02500,0.02509,0.01441,0.02562,0.01457
0.05000,0.03521,0.01650,0.04344,0.01742
0.10000,0.07298,0.02259,0.08700,0.02386
0.15000,0.10721,0.02554,0.12307,0.02669
0.20000,0.16633,0.03163,0.17632,0.03121
0.25000,0.20482,0.03476,0.20754,0.03353
0.30000,0.27864,0.04033,0.28924,0.04016
0.35000,0.31720,0.04197,0.32562,0.04121
0.40000,0.37702,0.04389,0.37840,0.04318
0.45000,0.42557,0.04580,0.42997,0.04509
0.50000,0.46614,0.04737,0.47737,0.04647
0.75000,0.69379,0.04716,0.70369,0.04669
1.00000,1.00000,0.00000,1.00000,0.00000
