x,y1,y2,y3,y4,y1Margin,y2Margin,y3Margin,y4Margin
0.00000,-0.10850,NaN,NaN,NaN,0.05144,NaN,NaN,NaN
0.02500,-0.09559,-0.00084,-0.02166,0.00022,0.01795,0.00712,0.00961,0.00335
0.05000,-0.08250,0.00431,-0.02569,0.00356,0.01681,0.00729,0.01066,0.00522
0.10000,-0.06069,0.00400,-0.02744,0.00444,0.01621,0.00877,0.01160,0.00489
0.15000,-0.06306,-0.00244,-0.03181,0.00300,0.01641,0.00915,0.01260,0.00567
0.20000,-0.05491,-0.00534,-0.04572,0.00216,0.01613,0.00944,0.01395,0.00600
0.25000,-0.04422,-0.01153,-0.04503,0.00466,0.01578,0.00993,0.01386,0.00587
0.30000,-0.04247,-0.01159,-0.06884,0.00209,0.01571,0.00962,0.01528,0.00541
0.35000,-0.03906,-0.01638,-0.06525,0.00294,0.01485,0.00986,0.01427,0.00613
0.40000,-0.02744,-0.02069,-0.07500,0.00256,0.01416,0.00958,0.01386,0.00622
0.45000,-0.02981,-0.02869,-0.08444,0.00056,0.01431,0.01058,0.01354,0.00596
0.50000,-0.02353,-0.02916,-0.08522,0.00022,0.01312,0.00988,0.01323,0.00568
0.75000,-0.00694,-0.03262,-0.11050,-0.00256,0.01156,0.00872,0.01380,0.00412
1.00000,0.00259,-0.03934,-0.13203,-0.00078,0.01196,0.00927,0.01477,0.00455
