x,yOn,yMarginOn,yOff,yMarginOff
0.00000,0.49425,0.06540,0.60275,0.06569
0.02500,0.48037,0.02186,0.57597,0.02310
0.05000,0.45856,0.02163,0.54106,0.02239
0.10000,0.44141,0.02039,0.50209,0.02184
0.15000,0.41809,0.01969,0.48116,0.02065
0.20000,0.39625,0.01890,0.45116,0.01965
0.25000,0.38641,0.01841,0.43062,0.01892
0.30000,0.37025,0.01763,0.41272,0.01811
0.35000,0.35522,0.01675,0.39428,0.01747
0.40000,0.34534,0.01654,0.37278,0.01679
0.45000,0.32747,0.01619,0.35728,0.01642
0.50000,0.31153,0.01530,0.33506,0.01510
0.75000,0.29509,0.01549,0.30203,0.01371
1.00000,0.28087,0.01690,0.27828,0.01312
