x,y1,y2,y3,y4,y1Margin,y2Margin,y3Margin,y4Margin
0.00000,-0.01575,-0.11843,-0.11843,-0.11843,0.00846,0.02441,0.02441,0.02441
0.02500,-0.11021,0.00143,-0.02516,0.00111,0.02114,0.00861,0.01119,0.00398
0.05000,-0.09377,0.01009,-0.02980,0.00675,0.02037,0.00911,0.01244,0.00645
0.10000,-0.06648,0.01274,-0.02968,0.00989,0.02044,0.01140,0.01395,0.00630
0.15000,-0.07128,0.00915,-0.03107,0.00984,0.02144,0.01251,0.01551,0.00736
0.20000,-0.06400,0.00723,-0.04807,0.00865,0.02192,0.01306,0.01792,0.00843
0.25000,-0.05098,0.00138,-0.04118,0.01067,0.02236,0.01444,0.01864,0.00846
0.30000,-0.04774,0.00190,-0.06813,0.00826,0.02307,0.01477,0.02076,0.00847
0.35000,-0.04228,-0.00135,-0.06243,0.01208,0.02154,0.01538,0.01949,0.01001
0.40000,-0.03114,-0.00614,-0.07179,0.00999,0.02105,0.01482,0.01932,0.01011
0.45000,-0.03715,-0.01915,-0.08305,0.00687,0.02152,0.01648,0.01895,0.01008
0.50000,-0.02654,-0.02161,-0.07413,0.00649,0.02083,0.01551,0.01906,0.01032
0.75000,-0.00324,-0.02738,-0.08251,0.00405,0.02110,0.01513,0.02057,0.00792
1.00000,NaN,NaN,NaN,NaN,NaN,NaN,NaN,NaN
