x,yOn,yMarginOn,yOff,yMarginOff
0.00000,NaN,NaN,NaN,NaN
0.02500,0.11625,0.03529,0.19125,0.04330
0.05000,0.11250,0.02608,0.18625,0.03332
0.10000,0.12656,0.02206,0.19552,0.02677
0.15000,0.12704,0.02005,0.19679,0.02460
0.20000,0.13827,0.01853,0.19899,0.02279
0.25000,0.14622,0.01733,0.20193,0.02119
0.30000,0.15962,0.01849,0.20744,0.02116
0.35000,0.14703,0.01694,0.19827,0.02048
0.40000,0.14237,0.01630,0.19322,0.01956
0.45000,0.13994,0.01598,0.19097,0.01947
0.50000,0.13738,0.01578,0.18355,0.01891
0.75000,0.14104,0.01547,0.18331,0.01797
1.00000,0.13342,0.01507,0.17988,0.01779
