x,yOn,yMarginOn,yOff,yMarginOff
0.00000,NaN,NaN,0.68690,0.05351
0.02500,0.69803,0.02681,0.69389,0.02649
0.05000,0.71951,0.02575,0.71095,0.02488
0.10000,0.73144,0.02509,0.72858,0.02510
0.15000,0.74719,0.02474,0.73938,0.02437
0.20000,0.75888,0.02521,0.75338,0.02455
0.25000,0.76011,0.02392,0.75094,0.02446
0.30000,0.76648,0.02367,0.75759,0.02376
0.35000,0.77485,0.02276,0.76663,0.02274
0.40000,0.77858,0.02366,0.77762,0.02324
0.45000,0.79013,0.02304,0.78342,0.02334
0.50000,0.79173,0.02361,0.79584,0.02301
0.75000,0.81814,0.02517,0.81229,0.02421
1.00000,0.79240,0.03432,0.71188,0.04046
