x,yOn,yMarginOn,yOff,yMarginOff
0.00000,NaN,NaN,0.56201,0.05703
0.02500,0.58613,0.02831,0.58845,0.02822
0.05000,0.60320,0.02821,0.61680,0.02811
0.10000,0.62869,0.02741,0.65222,0.02695
0.15000,0.64864,0.02754,0.67964,0.02569
0.20000,0.67161,0.02821,0.69346,0.02656
0.25000,0.68770,0.02698,0.70465,0.02544
0.30000,0.70870,0.02634,0.72766,0.02488
0.35000,0.71689,0.02587,0.74486,0.02420
0.40000,0.73149,0.02568,0.75597,0.02412
0.45000,0.74553,0.02576,0.77294,0.02395
0.50000,0.76176,0.02434,0.79515,0.02247
0.75000,0.76516,0.02564,0.77638,0.02757
1.00000,0.68784,0.03572,0.54492,0.04571
