x,yOn,yMarginOn,yOff,yMarginOff
0.00000,NaN,NaN,0.68690,0.05351
0.02500,0.69682,0.02698,0.69511,0.02633
0.05000,0.71274,0.02624,0.71764,0.02443
0.10000,0.73318,0.02580,0.72700,0.02442
0.15000,0.73507,0.02577,0.75109,0.02337
0.20000,0.75243,0.02649,0.75956,0.02336
0.25000,0.75272,0.02601,0.75811,0.02242
0.30000,0.76650,0.02525,0.75786,0.02227
0.35000,0.77749,0.02388,0.76449,0.02168
0.40000,0.77763,0.02559,0.77852,0.02144
0.45000,0.79226,0.02482,0.78170,0.02170
0.50000,0.79714,0.02484,0.79080,0.02193
0.75000,0.82454,0.02761,0.80760,0.02228
1.00000,0.80073,0.04028,0.71717,0.03542
