x,y1,y2,y3,y4,y1Margin,y2Margin,y3Margin,y4Margin
0.00000,0.08151,NaN,NaN,NaN,0.09439,NaN,NaN,NaN
0.02500,0.09648,0.00462,0.00409,0.00005,0.03371,0.01257,0.01232,0.01238
0.05000,0.09063,0.00882,-0.00295,-0.00363,0.03147,0.01753,0.01609,0.01573
0.10000,0.10206,0.00371,0.00821,-0.00247,0.03106,0.01947,0.01679,0.01769
0.15000,0.09127,0.00625,-0.00861,-0.01018,0.03048,0.01929,0.01757,0.01803
0.20000,0.12488,0.00727,0.00511,0.00394,0.03009,0.02074,0.02138,0.01837
0.25000,0.11100,0.01273,0.00135,0.00695,0.02910,0.01800,0.02200,0.01667
0.30000,0.10465,0.01267,0.01248,-0.00011,0.02827,0.02023,0.02250,0.01669
0.35000,0.09704,0.00996,0.01690,-0.00889,0.02585,0.02045,0.02222,0.01589
0.40000,0.10531,-0.00019,0.00094,-0.01344,0.02620,0.02106,0.02431,0.01850
0.45000,0.11544,0.00629,0.01096,-0.01509,0.02620,0.02010,0.02353,0.01794
0.50000,0.11940,-0.00628,0.00495,-0.02071,0.02644,0.01847,0.02217,0.01815
0.75000,0.06680,0.00361,0.01801,-0.01228,0.02619,0.02252,0.02782,0.02279
1.00000,-0.08063,0.08707,0.06508,0.03313,0.04074,0.03753,0.04006,0.04404
