x,yOn,yMarginOn,yOff,yMarginOff
0.00000,0.64071,0.07738,0.48413,0.07959
0.02500,0.66224,0.02536,0.51465,0.02884
0.05000,0.69343,0.02494,0.53001,0.02839
0.10000,0.72004,0.02363,0.56158,0.02792
0.15000,0.73666,0.02405,0.59313,0.02701
0.20000,0.76802,0.02223,0.59857,0.02891
0.25000,0.78137,0.02170,0.61121,0.02709
0.30000,0.79645,0.02226,0.64131,0.02597
0.35000,0.80747,0.02057,0.65522,0.02639
0.40000,0.81697,0.02094,0.67235,0.02598
0.45000,0.83297,0.01999,0.68872,0.02648
0.50000,0.84608,0.01860,0.71291,0.02530
0.75000,0.81536,0.02713,0.73068,0.02559
1.00000,0.55436,0.04807,0.66339,0.03691
