x,yOn,yMarginOn,yOff,yMarginOff
0.00000,0.00000,0.00000,-0.24555,0.05161
0.02500,-1.00426,0.04685,-1.00137,0.04588
0.05000,-1.01542,0.04976,-1.00317,0.04868
0.10000,-1.06086,0.05395,-1.04518,0.05257
0.15000,-1.09142,0.05759,-1.08849,0.05694
0.20000,-1.13596,0.06465,-1.12456,0.06078
0.25000,-1.15072,0.06077,-1.14432,0.05794
0.30000,-1.17541,0.06493,-1.19115,0.06288
0.35000,-1.20351,0.06822,-1.22514,0.06481
0.40000,-1.20197,0.07256,-1.22290,0.07002
0.45000,-1.18019,0.07429,-1.23294,0.07296
0.50000,-1.18742,0.07713,-1.26393,0.07820
0.75000,-1.14810,0.08219,-1.18965,0.09403
1.00000,-0.60716,0.06191,-0.35709,0.06998
