x,y1,y1Margin,y2,y2Margin,y3,y3Margin,y4,y4Margin
0.00000,-0.01959,0.24555,0.24555,0.24555,0.01727,0.04812,0.04812,0.04812
0.02500,-0.15083,-0.00072,0.02749,-0.00289,0.05586,0.02147,0.03054,0.01682
0.05000,-0.14913,-0.02991,0.03757,-0.01226,0.06428,0.03882,0.03798,0.02704
0.10000,-0.16473,-0.06362,0.04458,-0.01568,0.06982,0.04274,0.04551,0.02486
0.15000,-0.11469,-0.05654,0.08598,-0.00293,0.07535,0.04684,0.04875,0.02965
0.20000,-0.11582,-0.01997,0.09951,-0.01140,0.08097,0.04617,0.05649,0.03261
0.25000,-0.12964,0.00724,0.04777,-0.00640,0.07416,0.04779,0.05305,0.03538
0.30000,-0.08552,-0.01894,0.06073,0.01575,0.08021,0.05107,0.06227,0.03957
0.35000,-0.07687,-0.06696,0.07878,0.02163,0.08378,0.05760,0.06622,0.04189
0.40000,-0.02871,-0.04738,0.10254,0.02092,0.08535,0.05858,0.07206,0.04751
0.45000,-0.00567,-0.03498,0.12116,0.05275,0.08621,0.06178,0.07318,0.04227
0.50000,-0.01936,-0.03443,0.15339,0.07652,0.09490,0.06183,0.07704,0.04609
0.75000,0.11353,-0.02193,0.23367,0.04155,0.10435,0.08023,0.10312,0.06373
1.00000,0.20942,0.03289,0.19764,-0.25007,0.06735,0.06893,0.07322,0.07308
