x,yOn,yMarginOn,yOff,yMarginOff
0.00000,-0.13257,0.04182,-0.11298,0.03582
0.02500,-1.07824,0.04502,-0.92740,0.04619
0.05000,-1.08386,0.04825,-0.93473,0.04881
0.10000,-1.13539,0.04794,-0.97066,0.05667
0.15000,-1.14730,0.05075,-1.03261,0.06247
0.20000,-1.18817,0.05581,-1.07235,0.06839
0.25000,-1.21234,0.05679,-1.08270,0.06101
0.30000,-1.22604,0.06203,-1.14052,0.06541
0.35000,-1.25276,0.06080,-1.17589,0.07158
0.40000,-1.22679,0.06485,-1.19808,0.07720
0.45000,-1.20939,0.06801,-1.20373,0.07896
0.50000,-1.23536,0.07087,-1.21599,0.08411
0.75000,-1.11211,0.09034,-1.22563,0.08583
1.00000,-0.37742,0.07157,-0.58684,0.06101
