x,y1,y2,y3,y4,y1Margin,y2Margin,y3Margin,y4Margin
0.00000,1.82339,-3.58522,-3.58522,-3.58522,0.83898,1.01555,1.01555,1.01555
0.02500,13.07313,0.00392,0.01390,0.20416,1.86533,0.27113,0.62076,0.44083
0.05000,12.37959,-0.01992,-0.22394,0.56512,1.85089,0.39935,0.69772,0.50773
0.10000,9.31729,-0.01403,0.64363,0.56008,1.34040,0.47067,0.93652,0.54464
0.15000,8.14116,-0.28532,1.17430,0.83892,1.30123,0.58737,1.05992,0.60964
0.20000,6.58299,-0.29128,1.25722,0.77544,1.18619,0.57860,1.00025,0.59404
0.25000,6.23758,-0.39101,1.33616,0.57947,1.14990,0.64897,0.98911,0.59571
0.30000,5.87761,0.04274,0.37100,0.30821,1.23613,0.64049,1.12143,0.41864
0.35000,5.92042,-0.28554,0.16322,0.24965,1.35148,0.79118,1.19320,0.50571
0.40000,4.94497,0.08151,1.00377,0.26113,0.98297,0.61565,0.78125,0.46453
0.45000,4.37463,-0.26751,1.23753,0.01288,0.93015,0.70049,0.79776,0.34512
0.50000,4.11806,-0.29436,1.81847,0.17213,0.95626,0.65441,0.82959,0.30214
0.75000,3.05644,-0.34796,1.76180,-0.04871,0.64568,0.35360,0.62352,0.24486
1.00000,2.38342,-0.36113,1.18234,-0.03272,0.35400,0.23612,0.34469,0.08118
