x,yOn,yMarginOn,yOff,yMarginOff
0.00000,0.00000,0.00000,3.58522,1.08918
0.02500,13.14659,1.64724,13.13269,1.61563
0.05000,12.35829,1.59946,12.58223,1.60942
0.10000,10.59981,1.28773,9.95618,1.08153
0.15000,9.99799,1.28403,8.82369,0.92727
0.20000,8.76488,1.21609,7.50766,0.73701
0.25000,8.24000,1.19711,6.90384,0.71449
0.30000,7.00627,0.98385,6.63527,1.10710
0.35000,6.85848,0.95373,6.69526,1.27014
0.40000,6.32002,0.93472,5.31625,0.69882
0.45000,5.80471,0.95804,4.56718,0.55598
0.50000,5.59312,1.00886,3.77465,0.47780
0.75000,4.17200,0.68837,2.41020,0.35389
1.00000,2.85107,0.35089,1.66873,0.26635
